tests/plots_for_paper/data/multi160803-1657.dat
# %ECSV 0.9
# ---
# datatype:
# - {name: r, datatype: int64}
# - {name: sf_x0, datatype: float64}
# - {name: sf_y0, datatype: float64}
# - {name: sf_x1, datatype: float64}
# - {name: sf_y1, datatype: float64}
# - {name: sf_x2, datatype: float64}
# - {name: sf_y2, datatype: float64}
# meta: !!omap
# - {L0: 10000}
# - {decimate: 10}
# - {diameter: 128}
# - {fractionalSupport: 1.0}
# - {frequencyOverlap: 4.0}
# - {numScreen: 10000}
# - {prefix: multi}
# - {r0: 10}
r sf_x0 sf_y0 sf_x1 sf_y1 sf_x2 sf_y2
1 0.0300772175852 0.028590129955 0.0988453910335 0.0980234976828 0.128983516355 0.126700538652
2 0.120306920055 0.114170367761 0.306656796799 0.303431892231 0.427205141538 0.417966505208
3 0.270656918341 0.256456092261 0.567034212549 0.559975458243 0.838222162759 0.817282371405
4 0.481055153553 0.455161060591 0.865756538913 0.853581467792 1.34774403517 1.31032191035
5 0.751388886621 0.709994586137 1.19035530429 1.17191247757 1.94323434861 1.88448769823
6 1.08150418664 1.02065897298 1.53424811233 1.50864502618 2.61793500363 2.53315262723
7 1.47120571017 1.38684720255 1.89109622834 1.85754285206 3.36532266275 3.2497739245
8 1.92025676325 1.80824086801 2.25696766989 2.2148111309 4.18122027108 4.03026189624
9 2.4283796372 2.28450835142 2.62792739589 2.57668347174 5.06143956171 4.87051927146
10 2.99525620894 2.81530323853 3.00123005933 2.94063623429 6.00289885753 5.76768856303
11 3.62052879562 3.40026296569 3.37410374586 3.30409617056 7.00252290617 6.71890021745
12 4.30380125284 4.03900769299 3.74456135981 3.66519424474 8.05791648249 7.72190021387
13 5.04464030498 4.73113939713 4.11058070284 4.02205395229 9.16664520967 8.77438100073
14 5.84257709526 5.47624117745 4.47079973071 4.37339128826 10.3268546331 9.87456394769
15 6.69710894239 6.27387676774 4.82379699738 4.71794363069 11.5365906222 11.0207541093
16 7.60770128962 7.12359024606 5.16855952435 5.0548202741 12.7942787115 12.2117084596
17 8.57378983108 8.0249059343 5.50401944147 5.38310416509 14.098281222 13.4459345642
18 9.59478279913 8.97732847848 5.82943766088 5.70213899683 15.447342458 14.7222520994
19 10.6700633953 9.98034310015 6.14415322766 6.01132047822 16.8401701533 16.0395883112
20 11.7989923459 11.0334160087 6.44765126637 6.31024700091 18.2755630899 17.3969846539
21 12.9809105625 12.1359949636 6.73948737366 6.59853252655 19.7524447917 18.793505006
22 14.2151418855 13.2875099739 7.01947229044 6.87583978981 21.2697951867 20.2282463048
23 15.5009958868 14.4873741235 7.28737103459 7.14184964087 22.8267159159 21.7001775115
24 16.8377707078 15.7349845072 7.54293229738 7.39644483473 24.4222527075 23.2086524308
25 18.2247559046 17.0297232631 7.7859500542 7.63957847102 26.0556282576 24.752910834
26 19.6612352714 18.3709586855 8.01650273403 7.87117976697 27.7261711178 26.3320646301
27 21.1464896106 19.7580464003 8.23463510515 8.09110305335 29.4330225076 27.9452564799
28 22.6797994165 21.1903305853 8.44047944528 8.29951751421 31.1756308758 29.5921379779
29 24.2604474344 22.6671452137 8.63407759279 8.49656779045 32.9535556283 31.2719991117
30 25.8877210557 24.1878153008 8.81568766279 8.68240809252 34.7662290513 32.9843605893
31 27.5609145073 25.751658128 8.98558062269 8.85704952276 36.6132093733 34.7286592802
32 29.2793307866 27.3579844205 9.14394137768 9.02081074095 38.4939814579 36.5044982945
33 31.0422813689 29.0060974714 9.29119812986 9.17392657343 40.4082368126 38.3113032992
34 32.8490776103 30.6952860468 9.42764447949 9.31667704526 42.3555009164 40.1484902955
35 34.6990209936 32.4248227389 9.55354212834 9.4493317244 44.3354708311 42.01545014
36 36.591400776 34.1939643958 9.66931983327 9.57245824249 46.3476873126 43.9122157063
37 38.525493798 36.0019527799 9.7751564363 9.68648217908 48.391590657 45.8386794329
38 40.5005645727 37.8480154505 9.87169499043 9.79155748854 50.4671947593 47.7942309313
39 42.5158656509 39.7313668662 9.95944950931 9.88792416617 52.5744532052 49.7781419178
40 44.570638255 41.651209703 10.0387674252 9.97590700897 54.7129165016 51.7899634923
41 46.6641131776 43.6067363816 10.110128782 10.0559286675 56.8822677953 53.8292556091
42 48.7955119372 45.597130799 10.1740291849 10.1284597287 59.0821578238 55.8960796455
43 50.9640481831 47.6215702576 10.2309376232 10.1938857153 61.3124862667 57.9899694617
44 53.1689293436 49.6792275856 10.2812514649 10.2525456012 63.5726440502 60.1101069767
45 55.4093585064 51.7692734401 10.3254001828 10.3047769416 65.8622213507 62.2561060056
46 57.6845365237 53.8908787848 10.3637965814 10.3509118542 68.181090848 64.4278148264
47 59.9936643306 56.0432175342 10.3967622015 10.3913329597 70.5289551651 66.6246209994
48 62.335945465 58.2254693529 10.424797952 10.426250556 72.9056474621 68.8461015672
49 64.7105887778 60.4368225989 10.4482520694 10.4560258765 75.3105698234 71.0913870657
50 67.1168113173 62.6764774003 10.4674931827 10.4810733073 77.7434351046 73.359743316
51 69.5538413743 64.9436488501 10.4830814007 10.5017490065 80.2040739514 75.6510681431
52 72.0209216701 67.2375703043 10.4953263842 10.5184947523 82.6919231212 77.9651301739
53 74.5173126682 69.5574967686 10.504560992 10.5315676937 85.2068014932 80.3016288189
54 77.0422959896 71.9027083528 10.5111404387 10.5412905128 87.7482374775 82.6602383852
55 79.5951779082 74.2725137747 10.5150284195 10.5479410643 90.3151873514 85.0401833488
56 82.1752929001 76.66625389 10.5165576332 10.5518021379 92.9072451699 87.4415984824
57 84.7820072186 79.0833052225 10.5162358798 10.5531209961 95.5239729417 89.8643177902
58 87.4147224638 81.5230834684 10.5143610675 10.5520924501 98.1647888857 92.3077054076
59 90.0728791093 83.9850469414 10.5110049248 10.548960892 100.829806254 94.7719250472
60 92.7559599479 86.4686999251 10.506341563 10.5439293558 103.518290531 97.2563226629
61 95.4634934109 88.9735958933 10.5007714809 10.5372068013 106.22956634 99.7608489832
62 98.1950567112 91.4993405539 10.4945676091 10.5291728543 108.963376121 102.285295952
63 100.950278754 94.0455946679 10.4877791088 10.5199200412 111.720188895 104.829258865
64 103.728842754 96.6120765875 10.4805168087 10.5095703748 114.499260411 107.392303423
65 106.53048404 99.1985595518 10.4730621924 10.4986342263 117.299477832 109.974674314
66 109.354968452 101.804848217 10.4654824158 10.4874109103 120.121187228 112.576760181
67 112.202066627 104.430753176 10.457774223 10.4759268227 122.964756017 115.198368893
68 115.071546845 107.076083881 10.4501682908 10.4642146747 125.829502458 117.839480458
69 117.963173132 109.740646501 10.4429266278 10.452377969 128.715025248 120.500593636
70 120.876703688 112.424242046 10.4361328007 10.440542655 131.622310165 123.180823374
71 123.811889639 115.126664752 10.4297484418 10.4288561383 134.550691174 125.880085982
72 126.768474112 117.84770073 10.4235704585 10.4177461137 137.499575061 128.598488812
73 129.746191634 120.587126878 10.4175741024 10.4070346242 140.469230298 131.336418137
74 132.744767858 123.344710057 10.4118924051 10.3967239389 143.459839816 134.09361435
75 135.76391961 126.120206525 10.4066078464 10.386952848 146.471057485 136.869490497
76 138.803355264 128.913361637 10.4015273541 10.3776774373 149.502165028 139.664725169
77 141.862775439 131.723909801 10.3965549119 10.3689726639 152.553437438 142.478673132
78 144.941874029 134.551574699 10.3919393376 10.3608035201 155.624659692 145.310598798
79 148.04033955 137.39606976 10.3876885703 10.3532206515 158.715657043 148.159267502
80 151.15785682 140.257098895 10.3835509772 10.3465321019 161.826073257 151.025074109
81 154.294108966 143.13435749 10.3796438291 10.340661056 164.955980798 153.907894579
82 157.448779754 146.027533649 10.3762938401 10.3356268083 168.105352119 156.80806431
83 160.621556259 148.936309689 10.373281294 10.331284415 171.274206876 159.724598254
84 163.812131849 151.860363895 10.370402847 10.3275218406 174.461368085 162.657725888
85 167.02020952 154.799372511 10.3676499048 10.3245143214 177.665401202 165.606489655
86 170.245505546 157.753011985 10.3647511678 10.3223550431 180.885994533 168.570590356
87 173.487753477 160.720961447 10.3619453088 10.3209673848 184.124155301 171.550485197
88 176.746708463 163.702905437 10.3592944528 10.3202078286 187.380228114 174.546758451
89 180.02215193 166.698536849 10.3567692972 10.3198559572 190.654093875 177.558752728
90 183.313896585 169.70756011 10.3545328908 10.3199277461 193.944777076 180.584997278
91 186.621791778 172.729694575 10.352675981 10.32038526 197.252846733 183.625827281
92 189.945729211 175.764678128 10.3510939757 10.3210924872 200.577726754 186.680787643
93 193.285649002 178.812270978 10.3498205246 10.3219580927 203.918229816 189.74826262
94 196.641546118 181.872259641 10.3486939016 10.3229019274 207.27444751 192.827470654
95 200.013477173 184.944461083 10.3474607464 10.3238683289 210.647519944 195.918051288
96 203.401567622 188.028727001 10.3460907008 10.3250416894 214.036172818 199.019928943
97 206.806011391 191.124948221 10.3445308438 10.3262452895 217.440442543 202.133778205
98 210.227037932 194.233051924 10.3433300727 10.327461682 220.861365421 205.259178848
99 213.664876368 197.352975425 10.3421896481 10.3287753968 224.299248399 208.394986333
100 217.119744783 200.484658714 10.3415108266 10.3298521396 227.75473355 211.540345045
101 220.591846326 203.628044066 10.3411022823 10.3305825098 231.230055041 214.695035538
102 224.081365672 206.783075906 10.3408168407 10.3313953227 234.72359802 217.859914842
103 227.588465831 209.949700954 10.3404755735 10.332508597 238.233426835 221.03420052
104 231.113285318 213.12786863 10.3402380103 10.3336230946 241.761902039 224.218015963
105 234.655935671 216.317531735 10.3401867723 10.3347672771 245.311381921 227.41232954
106 238.216499322 219.518647399 10.3400488948 10.3363032697 248.878237682 230.618418071
107 241.79502783 222.731178297 10.3398901459 10.3380557494 252.46243479 233.833181655
108 245.391540452 225.955094135 10.3395555917 10.3402347724 256.063649553 237.056785016
109 249.006023084 229.190373405 10.3392398459 10.3420070084 259.68277733 240.290440309
110 252.638427545 232.43700541 10.3386503019 10.3440287496 263.315266335 243.533710229
111 256.288671216 235.694992557 10.3378281113 10.3462753435 266.963217691 246.786116953
112 259.956637037 238.96435292 10.3369424578 10.3483097528 270.626826696 250.046345284
113 263.642173854 242.24512307 10.3359458806 10.3504077559 274.303162652 253.31407957
114 267.345097116 245.537361179 10.3340030795 10.3524150607 277.991168475 256.591049738
115 271.065189935 248.841150389 10.331388281 10.3546309443 281.688384959 259.876574679
116 274.80220449 252.156602447 10.3271422396 10.3570695608 285.398374658 263.169573552
117 278.555863789 255.483861623 10.3217446216 10.3594060266 289.119032949 266.47210347
118 282.325863784 258.823108875 10.3153280916 10.3610423573 292.85223271 269.784842921
119 286.11187584 262.174566308 10.3071688768 10.3629405106 296.597890737 273.10876925
120 289.913549558 265.538501881 10.2979492084 10.364355379 300.354744289 276.437470792
121 293.730515945 268.915234395 10.2885464224 10.3647970656 304.13164454 279.775710942
122 297.562390948 272.305138749 10.2788952757 10.3638973416 307.920935911 283.132235288
123 301.408779336 275.708651461 10.2707849042 10.362604524 311.730454112 286.502528939
124 305.26927893 279.126276461 10.2655805516 10.3615700821 315.561460415 289.87397632
125 309.143485199 282.558591152 10.2597613817 10.3592991951 319.425148903 293.267450451
126 313.0309962 286.006252742 10.2567383925 10.3591940734 323.299448574 296.68747994
127 316.931417871 289.470004844 10.2521673288 10.3624965186 327.172943119 300.126079332
