tests/data/interf_spec160731-1225.dat
# %ECSV 0.9
# ---
# datatype:
# - {name: frequency, datatype: float64}
# - {name: power, datatype: float64}
# meta: !!omap
# - {L0: 3000}
# - {MegaScreenVersion: 0.4.0}
# - {baseline: 250}
# - {freqOverlap: 4.0}
# - {nfftInner: 256}
# - {nfftOuter: 256}
# - {nperseg: 65536}
# - {numScreen: 160000}
# - {plot: true}
# - {plotPhases: false}
# - {prefix: interf_spec}
# - {r0: 5}
# - {step: 32}
frequency power
[from data line 14668]
0.223815917969 0.595109312941
0.223831176758 0.540350228607
0.223846435547 0.550176863571
0.223861694336 0.623666584548
0.223876953125 0.699938557562
0.223892211914 0.556717504384
0.223907470703 0.531716440201
0.223922729492 0.633268650728
0.223937988281 0.594292730733
0.22395324707 0.577781856905
0.223968505859 0.525192887111
0.223983764648 0.515664352013
0.223999023438 0.556668703606
0.224014282227 0.589053131199
0.224029541016 0.533292900197
0.224044799805 0.526893158356
0.224060058594 0.551015109371
0.224075317383 0.52674578805
0.224090576172 0.47296408343
0.224105834961 0.573869905657
0.22412109375 0.561996816196
0.224136352539 0.490482071547
0.224151611328 0.505438577561
0.224166870117 0.564296394404
0.224182128906 0.591264751363
0.224197387695 0.557540239187
0.224212646484 0.519461551476
0.224227905273 0.565823244484
0.224243164062 0.54569626202
0.224258422852 0.520125409631
0.224273681641 0.562433524102
0.22428894043 0.551169190293
0.224304199219 0.512922303461
0.224319458008 0.576308060271
0.224334716797 0.550581496103
0.224349975586 0.581026810015
0.224365234375 0.650431615049
0.224380493164 0.593881135144
0.224395751953 0.548965445811
0.224411010742 0.545957544452
0.224426269531 0.493402433831
0.22444152832 0.484111649992
0.224456787109 0.55597034011
0.224472045898 0.479044837907
0.224487304688 0.472418337878
0.224502563477 0.464658573038
0.224517822266 0.504298488985
0.224533081055 0.495887694043
0.224548339844 0.53088721329
0.224563598633 0.582015265921
0.224578857422 0.550936088816
0.224594116211 0.452874013544
0.224609375 0.510681442875
0.224624633789 0.490626966541
0.224639892578 0.542525743972
0.224655151367 0.593222042481
0.224670410156 0.530150129033
0.224685668945 0.531535979511
0.224700927734 0.541303417731
0.224716186523 0.523635759719
0.224731445312 0.543663650614
0.224746704102 0.578381472525
0.224761962891 0.551221754565
0.22477722168 0.506571706224
0.224792480469 0.53965068883
0.224807739258 0.460436327099
0.224822998047 0.537293349965
0.224838256836 0.55683618328
0.224853515625 0.494894505255
0.224868774414 0.56900709524
0.224884033203 0.553933769962
0.224899291992 0.540676545604
0.224914550781 0.562316667122
0.22492980957 0.533467789418
0.224945068359 0.577206699471
0.224960327148 0.508020813606
0.224975585938 0.494693548373
0.224990844727 0.519913878902
0.225006103516 0.527767754364
0.225021362305 0.509155713363
0.225036621094 0.517568128979
0.225051879883 0.531327594104
0.225067138672 0.525143154756
0.225082397461 0.521547287593
0.22509765625 0.565918840213
0.225112915039 0.584446566345
0.225128173828 0.537744554689
0.225143432617 0.567498684383
0.225158691406 0.511811638385
0.225173950195 0.534509981
0.225189208984 0.529964226596
0.225204467773 0.514735857123
0.225219726562 0.495158601858
0.225234985352 0.520326644194
0.225250244141 0.52276817306
0.22526550293 0.473999366092
0.225280761719 0.485505126017
0.225296020508 0.506275263178
0.225311279297 0.503338140088
0.225326538086 0.530606733783
0.225341796875 0.505535432777
0.225357055664 0.473477309229
0.225372314453 0.492485742431
0.225387573242 0.520888539593
0.225402832031 0.517706423191
0.22541809082 0.513280859254
0.225433349609 0.571927485282
0.225448608398 0.540486098838
0.225463867188 0.537429646309
0.225479125977 0.567049301721
0.225494384766 0.516597480178
0.225509643555 0.508137499786
0.225524902344 0.456240602943
0.225540161133 0.433349648408
0.225555419922 0.493137591985
0.225570678711 0.521979918134
0.2255859375 0.511176575424
0.225601196289 0.520959720793
0.225616455078 0.489896574652
0.225631713867 0.516863260271
0.225646972656 0.566970444267
0.225662231445 0.613926702374
0.225677490234 0.557680889791
0.225692749023 0.52891690339
0.225708007812 0.551327158112
0.225723266602 0.525231958721
0.225738525391 0.498800946574
0.22575378418 0.535815987659
0.225769042969 0.545092264134
0.225784301758 0.512473210575
0.225799560547 0.556748449385
0.225814819336 0.495497010105
0.225830078125 0.474163365175
0.225845336914 0.512973705617
0.225860595703 0.496498400673
0.225875854492 0.584850877888
0.225891113281 0.623402189995
0.22590637207 0.587754690446
0.225921630859 0.585905148112
0.225936889648 0.569841444596
0.225952148438 0.519638940844
0.225967407227 0.542377016847
0.225982666016 0.556513199375
0.225997924805 0.505642484739
0.226013183594 0.487675391559
0.226028442383 0.549460422626
0.226043701172 0.550128100227
0.226058959961 0.505886429946
0.22607421875 0.513333555105
0.226089477539 0.566207964688
0.226104736328 0.539739794413
0.226119995117 0.526953484599
0.226135253906 0.562159321928
0.226150512695 0.577158296942
0.226165771484 0.502393251186
0.226181030273 0.529796406618
0.226196289062 0.552342000186
0.226211547852 0.501954465991
0.226226806641 0.474510410403
0.22624206543 0.450798765022
0.226257324219 0.501600570095
0.226272583008 0.483294117249
0.226287841797 0.536162497442
0.226303100586 0.544633826137
0.226318359375 0.490335185939
0.226333618164 0.491240237502
0.226348876953 0.499351537113
0.226364135742 0.542920973363
0.226379394531 0.602806085832
0.22639465332 0.601176934128
0.226409912109 0.546347155286
0.226425170898 0.498266675269
0.226440429688 0.478821636089
0.226455688477 0.507405246469
0.226470947266 0.533412004525
0.226486206055 0.517313251469
0.226501464844 0.546495755883
0.226516723633 0.551854730858
0.226531982422 0.608786205315
0.226547241211 0.550154965479
0.2265625 0.531632002616
0.226577758789 0.492209039534
0.226593017578 0.529067418508
0.226608276367 0.656064001783
0.226623535156 0.511599742902
0.226638793945 0.425022972273
0.226654052734 0.505604743122
0.226669311523 0.517436216867
0.226684570312 0.488476457479
0.226699829102 0.53861167628
0.226715087891 0.54968951494
0.22673034668 0.53999546552
0.226745605469 0.556772617082
0.226760864258 0.492775626259
0.226776123047 0.537401614483
0.226791381836 0.517722565199
0.226806640625 0.570069021413
0.226821899414 0.600163601209
0.226837158203 0.513393519786
0.226852416992 0.503626449219
0.226867675781 0.573116417454
0.22688293457 0.588195045928
0.226898193359 0.557948704515
0.226913452148 0.497901444087
0.226928710938 0.50840345357
0.226943969727 0.513056393461
0.226959228516 0.497729387122
0.226974487305 0.517434583481
0.226989746094 0.560655588459
0.227005004883 0.579914099592
0.227020263672 0.550626816334
0.227035522461 0.513353847587
0.22705078125 0.476704761767
0.227066040039 0.492537703833
0.227081298828 0.547660196532
0.227096557617 0.518829421104
0.227111816406 0.489313311818
0.227127075195 0.552840654107
0.227142333984 0.584790116751
0.227157592773 0.561611674084
0.227172851562 0.582826817857
0.227188110352 0.520329832174
0.227203369141 0.48442197046
0.22721862793 0.471351510076
0.227233886719 0.49445609385
0.227249145508 0.530763047272
0.227264404297 0.541438592259
0.227279663086 0.51984937229
0.227294921875 0.534926152814
0.227310180664 0.613985376824
0.227325439453 0.544855303971
0.227340698242 0.505852215744
0.227355957031 0.551305383467
0.22737121582 0.508600456376
0.227386474609 0.50140475409
0.227401733398 0.564872579538
0.227416992188 0.485791675256
0.227432250977 0.515667116939
0.227447509766 0.507526201424
0.227462768555 0.584101160274
0.227478027344 0.601506826643
0.227493286133 0.553292886371
0.227508544922 0.558343230526
0.227523803711 0.534186056811
0.2275390625 0.568519066358
0.227554321289 0.551026270156
0.227569580078 0.525887018368
0.227584838867 0.528640650836
0.227600097656 0.517683154848
0.227615356445 0.46145041558
0.227630615234 0.520803705084
0.227645874023 0.572060917685
0.227661132812 0.540273433695
0.227676391602 0.524505114233
0.227691650391 0.504178417816
0.22770690918 0.492581407121
0.227722167969 0.478302092722
0.227737426758 0.507096103599
0.227752685547 0.582511736851
0.227767944336 0.591275156528
0.227783203125 0.560924234782
0.227798461914 0.53798962701
0.227813720703 0.526220619488
0.227828979492 0.536981498168
0.227844238281 0.508747596684
0.22785949707 0.498671643607
0.227874755859 0.571054522759
0.227890014648 0.541971947302
0.227905273438 0.502499561204
0.227920532227 0.544219145502
0.227935791016 0.532055255312
0.227951049805 0.589298270765
0.227966308594 0.506818877575
0.227981567383 0.475905020904
0.227996826172 0.48654363314
0.228012084961 0.562185187599
0.22802734375 0.527928922317
0.228042602539 0.53807295073
0.228057861328 0.561119306657
0.228073120117 0.543038917079
0.228088378906 0.476402100556
0.228103637695 0.452535433384
0.228118896484 0.526213734097
0.228134155273 0.524467824833
0.228149414062 0.47303418574
0.228164672852 0.519460704165
0.228179931641 0.542472748302
0.22819519043 0.496438560923
0.228210449219 0.499920695798
0.228225708008 0.624005913408
0.228240966797 0.480522493703
0.228256225586 0.481137972296
0.228271484375 0.469844976778
0.228286743164 0.436140372937
0.228302001953 0.413199602202
0.228317260742 0.462795568015
0.228332519531 0.600472131634
0.22834777832 0.576449936705
0.228363037109 0.481604249064
0.228378295898 0.510950933176
0.228393554688 0.568748375498
0.228408813477 0.519725773513
0.228424072266 0.501168779038
0.228439331055 0.466574827631
0.228454589844 0.471351809425
0.228469848633 0.485350636827
0.228485107422 0.599000831453
0.228500366211 0.599492254532
0.228515625 0.504249719817
0.228530883789 0.502295527514
0.228546142578 0.539451172866
0.228561401367 0.506619785873
0.228576660156 0.461667638106
0.228591918945 0.525050499023
0.228607177734 0.485333600819
0.228622436523 0.476127922574
0.228637695312 0.519437444336
0.228652954102 0.490914147723
0.228668212891 0.496228625518
0.22868347168 0.545400456389
0.228698730469 0.593061395047
0.228713989258 0.479388916626
0.228729248047 0.431186440684
0.228744506836 0.48904577034
0.228759765625 0.522398182785
0.228775024414 0.547431627466
0.228790283203 0.509004672705
0.228805541992 0.497360628519
0.228820800781 0.548190393061
0.22883605957 0.572072541398
0.228851318359 0.518157989678
0.228866577148 0.476150202847
0.228881835938 0.537973877067
0.228897094727 0.527168223043
0.228912353516 0.47786528649
0.228927612305 0.505077617658
0.228942871094 0.514905568221
0.228958129883 0.499852952872
0.228973388672 0.508795593266
0.228988647461 0.500867609627
0.22900390625 0.586781597088
0.229019165039 0.575502078845
0.229034423828 0.487628061174
0.229049682617 0.500226607028
0.229064941406 0.500234448969
0.229080200195 0.4921392386
0.229095458984 0.461982480549
0.229110717773 0.480003452535
0.229125976562 0.453564515664
0.229141235352 0.501062081573
0.229156494141 0.526683232633
0.22917175293 0.566663224533
0.229187011719 0.565942384277
0.229202270508 0.565928957943
0.229217529297 0.566853098145
0.229232788086 0.581433464813
0.229248046875 0.558988678228
0.229263305664 0.442643509177
0.229278564453 0.41985004577
0.229293823242 0.529809370688
0.229309082031 0.505328067238
0.22932434082 0.495233003327
0.229339599609 0.492768310422
0.229354858398 0.544484841104
0.229370117188 0.48950331279
0.229385375977 0.558760179652
0.229400634766 0.533246700661
0.229415893555 0.409395762095
0.229431152344 0.406438571859
0.229446411133 0.487381652603
0.229461669922 0.485060515786
0.229476928711 0.498304906981
0.2294921875 0.541761269678
0.229507446289 0.506736984711
0.229522705078 0.52748937051
0.229537963867 0.56122756788
0.229553222656 0.468317189684
0.229568481445 0.454561329323
0.229583740234 0.51066113827
0.229598999023 0.410179611975
0.229614257812 0.453123076111
0.229629516602 0.625861206633
0.229644775391 0.631030872982
0.22966003418 0.552411330664
0.229675292969 0.461036249151
0.229690551758 0.480127813555
0.229705810547 0.516677629378
0.229721069336 0.482457775088
0.229736328125 0.524352580167
0.229751586914 0.46692248682
0.229766845703 0.495033181969
0.229782104492 0.59336171018
0.229797363281 0.553401254657
0.22981262207 0.505209996732
0.229827880859 0.463021112334
0.229843139648 0.466836704082
0.229858398438 0.414022078697
0.229873657227 0.42255416964
0.229888916016 0.47540806702
0.229904174805 0.564253525349
0.229919433594 0.611566000962
0.229934692383 0.554088259366
0.229949951172 0.586493542824
0.229965209961 0.519414247388
0.22998046875 0.516718707424
0.229995727539 0.544655419199
0.230010986328 0.511415790715
0.230026245117 0.546646358119
0.230041503906 0.503849746274
0.230056762695 0.568256298845
0.230072021484 0.566857557675
0.230087280273 0.543693865928
0.230102539062 0.520763437337
0.230117797852 0.467793390869
0.230133056641 0.488434213275
0.23014831543 0.494585202487
0.230163574219 0.495597833042
0.230178833008 0.472389460144
0.230194091797 0.483959094762
0.230209350586 0.485259310084
0.230224609375 0.482368945596
0.230239868164 0.449036795225
0.230255126953 0.487610693081
0.230270385742 0.490002970083
0.230285644531 0.505957663078
0.23030090332 0.470309721197
0.230316162109 0.52373851796
0.230331420898 0.58276047494
0.230346679688 0.469772319561
0.230361938477 0.462547892212
0.230377197266 0.45360813627
0.230392456055 0.491019874364
0.230407714844 0.535819968367
0.230422973633 0.526277053588
0.230438232422 0.479215500613
0.230453491211 0.540301242891
0.23046875 0.507820094689
0.230484008789 0.496373446374
0.230499267578 0.448999996721
0.230514526367 0.507925081824
0.230529785156 0.570503298828
0.230545043945 0.59830942776
0.230560302734 0.550509818168
0.230575561523 0.46138685932
0.230590820312 0.407993574007
0.230606079102 0.493108930592
0.230621337891 0.565985114789
0.23063659668 0.483520549638
0.230651855469 0.463294814708
0.230667114258 0.480376135412
0.230682373047 0.443480115681
0.230697631836 0.544831310131
0.230712890625 0.548527835228
0.230728149414 0.497356617855
0.230743408203 0.516838033909
0.230758666992 0.446836274326
0.230773925781 0.439473203425
0.23078918457 0.54543012872
0.230804443359 0.528108457066
0.230819702148 0.466879289168
0.230834960938 0.432887428325
0.230850219727 0.476976054616
0.230865478516 0.502542568268
0.230880737305 0.501913084462
0.230895996094 0.500070649465
0.230911254883 0.477760660918
0.230926513672 0.478732362205
0.230941772461 0.527880780421
0.23095703125 0.519906136241
0.230972290039 0.477048176893
0.230987548828 0.481966918075
0.231002807617 0.550453277967
0.231018066406 0.591424902017
0.231033325195 0.471415680448
0.231048583984 0.572869653075
0.231063842773 0.552719565646
0.231079101562 0.502909237883
0.231094360352 0.519286789427
0.231109619141 0.514775518799
0.23112487793 0.517560588644
0.231140136719 0.502736800643
0.231155395508 0.519184555409
0.231170654297 0.451892414573
0.231185913086 0.497919413216
0.231201171875 0.451915699216
0.231216430664 0.429571350032
0.231231689453 0.487845449171
0.231246948242 0.477896578376
0.231262207031 0.495241747888
0.23127746582 0.539510739838
0.231292724609 0.555247298757
0.231307983398 0.561830984706
0.231323242188 0.536824360769
0.231338500977 0.509302417636
0.231353759766 0.534136656619
0.231369018555 0.490469949272
0.231384277344 0.437179422161
0.231399536133 0.435022326738
0.231414794922 0.458231065903
0.231430053711 0.496253841683
0.2314453125 0.505522116283
0.231460571289 0.448413278695
0.231475830078 0.406563351738
0.231491088867 0.496932433425
0.231506347656 0.485236834118
0.231521606445 0.513255362495
0.231536865234 0.511696045982
0.231552124023 0.464383482093
0.231567382812 0.517701204074
0.231582641602 0.489308225264
0.231597900391 0.442341535529
0.23161315918 0.470971634295
0.231628417969 0.485112283448
0.231643676758 0.491867190958
0.231658935547 0.499001095974
0.231674194336 0.533639089637
0.231689453125 0.628672554226
0.231704711914 0.566772834492
0.231719970703 0.497131630178
0.231735229492 0.4986148135
0.231750488281 0.521538710146
0.23176574707 0.509695882391
0.231781005859 0.463644014561
0.231796264648 0.495136508988
0.231811523438 0.472764641666
0.231826782227 0.391987313675
0.231842041016 0.44876489374
0.231857299805 0.519914843856
0.231872558594 0.581512676403
0.231887817383 0.528683731848
0.231903076172 0.476457812792
0.231918334961 0.487638368641
0.23193359375 0.500974722517
0.231948852539 0.523454038814
0.231964111328 0.481793259956
0.231979370117 0.459516223546
