tests/data/interf_spec160731-1204.dat
# %ECSV 0.9
# ---
# datatype:
# - {name: frequency, datatype: float64}
# - {name: power, datatype: float64}
# meta: !!omap
# - {L0: 3000}
# - {MegaScreenVersion: 0.4.0}
# - {baseline: 1500}
# - {freqOverlap: 4.0}
# - {nfftInner: 256}
# - {nfftOuter: 256}
# - {nperseg: 65536}
# - {numScreen: 160000}
# - {plot: true}
# - {plotPhases: false}
# - {prefix: interf_spec}
# - {r0: 5}
# - {step: 32}
frequency power
[from data line 21116]
0.322204589844 0.207745312666
0.322219848633 0.211582863856
0.322235107422 0.179851291287
0.322250366211 0.175124664687
0.322265625 0.183839461913
0.322280883789 0.214548942799
0.322296142578 0.230657975166
0.322311401367 0.199621166173
0.322326660156 0.207994571076
0.322341918945 0.211523782207
0.322357177734 0.192622534247
0.322372436523 0.199520370937
0.322387695312 0.195317779729
0.322402954102 0.178316316029
0.322418212891 0.184208838535
0.32243347168 0.188594869441
0.322448730469 0.186463595315
0.322463989258 0.195147148766
0.322479248047 0.187829798672
0.322494506836 0.209215087274
0.322509765625 0.191000063738
0.322525024414 0.175874253688
0.322540283203 0.176476929034
0.322555541992 0.151551058761
0.322570800781 0.17387801273
0.32258605957 0.203131577417
0.322601318359 0.200909372903
0.322616577148 0.211203462618
0.322631835938 0.197646452484
0.322647094727 0.197843914335
0.322662353516 0.200601837225
0.322677612305 0.184234624896
0.322692871094 0.177365605621
0.322708129883 0.169672324623
0.322723388672 0.212978992332
0.322738647461 0.22775330066
0.32275390625 0.220012153149
0.322769165039 0.185685916928
0.322784423828 0.18722377098
0.322799682617 0.193923944388
0.322814941406 0.196424462564
0.322830200195 0.18374169412
0.322845458984 0.172270751047
0.322860717773 0.191991130729
0.322875976562 0.229316971454
0.322891235352 0.229626671737
0.322906494141 0.198680554773
0.32292175293 0.164321900141
0.322937011719 0.187078382313
0.322952270508 0.186129213942
0.322967529297 0.185719077689
0.322982788086 0.190711023882
0.322998046875 0.184715572427
0.323013305664 0.206200638458
0.323028564453 0.232144698512
0.323043823242 0.211439615579
0.323059082031 0.182730092291
0.32307434082 0.19789049943
0.323089599609 0.182962846854
0.323104858398 0.18995761876
0.323120117188 0.192104076652
0.323135375977 0.187613792684
0.323150634766 0.174674445807
0.323165893555 0.169338025064
0.323181152344 0.200035296053
0.323196411133 0.207703818737
0.323211669922 0.204860831512
0.323226928711 0.211173738805
0.3232421875 0.19067988719
0.323257446289 0.201480778545
0.323272705078 0.232721294228
0.323287963867 0.218918984455
0.323303222656 0.19635886413
0.323318481445 0.21578990669
0.323333740234 0.220246055643
0.323348999023 0.220451397964
0.323364257812 0.175529022678
0.323379516602 0.184739959116
0.323394775391 0.183439020511
0.32341003418 0.17623097537
0.323425292969 0.199706374136
0.323440551758 0.214015089591
0.323455810547 0.187139294669
0.323471069336 0.198851557161
0.323486328125 0.197437558643
0.323501586914 0.199626798867
0.323516845703 0.215584149795
0.323532104492 0.220750446898
0.323547363281 0.198200208089
0.32356262207 0.197882917752
0.323577880859 0.183482529018
0.323593139648 0.204394871712
0.323608398438 0.187314944517
0.323623657227 0.185321325858
0.323638916016 0.202599279354
0.323654174805 0.228125748563
0.323669433594 0.184849397296
0.323684692383 0.177396533432
0.323699951172 0.198074973366
0.323715209961 0.192118034981
0.32373046875 0.196397531177
0.323745727539 0.213104964462
0.323760986328 0.177947857289
0.323776245117 0.183494343457
0.323791503906 0.186876904749
0.323806762695 0.182656204197
0.323822021484 0.186229084823
0.323837280273 0.189452043137
0.323852539062 0.195913357309
0.323867797852 0.21894921096
0.323883056641 0.194271588793
0.32389831543 0.192302015597
0.323913574219 0.175637054742
0.323928833008 0.1905865122
0.323944091797 0.2020542942
0.323959350586 0.164291795828
0.323974609375 0.175966361337
0.323989868164 0.187585534844
0.324005126953 0.165043434172
0.324020385742 0.201922970967
0.324035644531 0.216130533583
0.32405090332 0.185203588697
0.324066162109 0.175627383851
0.324081420898 0.214690596614
0.324096679688 0.189616160488
0.324111938477 0.184424732755
0.324127197266 0.195448993845
0.324142456055 0.213121791866
0.324157714844 0.192478710098
0.324172973633 0.178160851233
0.324188232422 0.178385891405
0.324203491211 0.169793542991
0.32421875 0.180092905386
0.324234008789 0.182020489968
0.324249267578 0.227225851258
0.324264526367 0.195539121253
0.324279785156 0.166801909722
0.324295043945 0.175548156559
0.324310302734 0.175825595132
0.324325561523 0.204085547277
0.324340820312 0.183499761463
0.324356079102 0.19111527962
0.324371337891 0.211833864981
0.32438659668 0.219023116626
0.324401855469 0.215263251658
0.324417114258 0.202297807514
0.324432373047 0.201074429667
0.324447631836 0.176753460726
0.324462890625 0.17229195489
0.324478149414 0.201567913151
0.324493408203 0.196269880509
0.324508666992 0.190172233071
0.324523925781 0.178452698967
0.32453918457 0.170202406054
0.324554443359 0.17391931014
0.324569702148 0.183441510861
0.324584960938 0.214973184288
0.324600219727 0.217232260881
0.324615478516 0.179485432619
0.324630737305 0.169710141854
0.324645996094 0.166016795249
0.324661254883 0.164921485126
0.324676513672 0.192844690074
0.324691772461 0.195577908721
0.32470703125 0.16449230702
0.324722290039 0.171430175526
0.324737548828 0.195337448975
0.324752807617 0.19319336526
0.324768066406 0.196961711954
0.324783325195 0.220362223847
0.324798583984 0.210280205314
0.324813842773 0.210645242261
0.324829101562 0.230599945094
0.324844360352 0.213454358617
0.324859619141 0.174862225007
0.32487487793 0.21087582547
0.324890136719 0.218083370123
0.324905395508 0.203165204726
0.324920654297 0.182654856323
0.324935913086 0.179106339522
0.324951171875 0.173271167699
0.324966430664 0.178184077934
0.324981689453 0.173934011782
0.324996948242 0.179354532863
0.325012207031 0.168361366074
0.32502746582 0.17807084952
0.325042724609 0.182821291273
0.325057983398 0.183165293462
0.325073242188 0.179649851813
0.325088500977 0.2000066083
0.325103759766 0.206141330262
0.325119018555 0.179892630996
0.325134277344 0.197765456939
0.325149536133 0.211889289153
0.325164794922 0.195717898322
0.325180053711 0.184567760091
0.3251953125 0.181591429376
0.325210571289 0.202275992026
0.325225830078 0.187662185796
0.325241088867 0.190712699661
0.325256347656 0.162402792526
0.325271606445 0.168839319289
0.325286865234 0.17504804324
0.325302124023 0.167314381906
0.325317382812 0.179175324805
0.325332641602 0.190128433411
0.325347900391 0.191217432351
0.32536315918 0.205169887991
0.325378417969 0.199820780102
0.325393676758 0.18199862432
0.325408935547 0.212730935738
0.325424194336 0.19370164683
0.325439453125 0.157885601428
0.325454711914 0.175651590102
0.325469970703 0.17530635236
0.325485229492 0.177108487344
0.325500488281 0.192084871408
0.32551574707 0.184055281762
0.325531005859 0.185701190132
0.325546264648 0.207823268875
0.325561523438 0.207788516757
0.325576782227 0.216462214235
0.325592041016 0.204132369713
0.325607299805 0.224809296343
0.325622558594 0.209116140403
0.325637817383 0.21368613611
0.325653076172 0.20086283371
0.325668334961 0.186737991792
0.32568359375 0.184209749754
0.325698852539 0.192382954955
0.325714111328 0.177605228374
0.325729370117 0.189981739681
0.325744628906 0.208580287002
0.325759887695 0.208697364172
0.325775146484 0.190781822223
0.325790405273 0.178943624409
0.325805664062 0.189393304447
0.325820922852 0.196908214682
0.325836181641 0.187405750262
0.32585144043 0.213436594173
0.325866699219 0.199193522239
0.325881958008 0.187593567538
0.325897216797 0.183858194105
0.325912475586 0.171867156856
0.325927734375 0.187362371851
0.325942993164 0.207682468377
0.325958251953 0.191496076264
0.325973510742 0.202325700291
0.325988769531 0.191389830653
0.32600402832 0.177003011667
0.326019287109 0.186882565875
0.326034545898 0.193291301754
0.326049804688 0.181411865571
0.326065063477 0.183485190233
0.326080322266 0.181753309659
0.326095581055 0.191152386259
0.326110839844 0.173103282185
0.326126098633 0.175205157686
0.326141357422 0.184261111533
0.326156616211 0.160097061834
0.326171875 0.199124758193
0.326187133789 0.191494668224
0.326202392578 0.201023793955
0.326217651367 0.21285612204
0.326232910156 0.216439194716
0.326248168945 0.202656653715
0.326263427734 0.191761364038
0.326278686523 0.173901317624
0.326293945312 0.184901612169
0.326309204102 0.205269915163
0.326324462891 0.169668410308
0.32633972168 0.173056616977
0.326354980469 0.19305969534
0.326370239258 0.184691567157
0.326385498047 0.17294402294
0.326400756836 0.173433555475
0.326416015625 0.158188777997
0.326431274414 0.17724863681
0.326446533203 0.175722138813
0.326461791992 0.185824597008
0.326477050781 0.179612921782
0.32649230957 0.164324532728
0.326507568359 0.173257442729
0.326522827148 0.184207632321
0.326538085938 0.221793656123
0.326553344727 0.212230811548
0.326568603516 0.168929035919
0.326583862305 0.154313310564
0.326599121094 0.167738477273
0.326614379883 0.176152445755
0.326629638672 0.185077062572
0.326644897461 0.198081006478
0.32666015625 0.189025085546
0.326675415039 0.177804921861
0.326690673828 0.187507608981
0.326705932617 0.230420132765
0.326721191406 0.2111975388
0.326736450195 0.198636722748
0.326751708984 0.179200599009
0.326766967773 0.21058518008
0.326782226562 0.200865531683
0.326797485352 0.191996147791
0.326812744141 0.192022154113
0.32682800293 0.168667312617
0.326843261719 0.164791567525
0.326858520508 0.18605325059
0.326873779297 0.189414951775
0.326889038086 0.163349410122
0.326904296875 0.147236444147
0.326919555664 0.186467065717
0.326934814453 0.200004450909
0.326950073242 0.177997652957
0.326965332031 0.185855522176
0.32698059082 0.196535291281
0.326995849609 0.201750519123
0.327011108398 0.178175141151
0.327026367188 0.168773371252
0.327041625977 0.163769204775
0.327056884766 0.176804169214
0.327072143555 0.188668100432
0.327087402344 0.186265274164
0.327102661133 0.189809665248
0.327117919922 0.176444173073
0.327133178711 0.177751513364
0.3271484375 0.182430215438
0.327163696289 0.186067039707
0.327178955078 0.183944779096
0.327194213867 0.192638431448
0.327209472656 0.182624230323
0.327224731445 0.198307087939
0.327239990234 0.209190074663
0.327255249023 0.208805587743
0.327270507812 0.205269724143
0.327285766602 0.200055984018
0.327301025391 0.211960884062
0.32731628418 0.211102432764
0.327331542969 0.199442108997
0.327346801758 0.177174487831
0.327362060547 0.198589705018
0.327377319336 0.195624875299
0.327392578125 0.171765647804
0.327407836914 0.164814498947
0.327423095703 0.179830341996
0.327438354492 0.216264901329
0.327453613281 0.190101104624
0.32746887207 0.182497737094
0.327484130859 0.168720446423
0.327499389648 0.16972816715
0.327514648438 0.155179540769
0.327529907227 0.162889372497
0.327545166016 0.168349046254
0.327560424805 0.178476570855
0.327575683594 0.193395059554
0.327590942383 0.182792843112
0.327606201172 0.198083397087
0.327621459961 0.191720273769
0.32763671875 0.17046423059
0.327651977539 0.192525065929
0.327667236328 0.199767597194
0.327682495117 0.193739460759
0.327697753906 0.200246670449
0.327713012695 0.196902371343
0.327728271484 0.192429427179
0.327743530273 0.16871611827
0.327758789062 0.19246058041
0.327774047852 0.191905322504
0.327789306641 0.184572954233
0.32780456543 0.180685157384
0.327819824219 0.20699369654
0.327835083008 0.194428175467
0.327850341797 0.194923848136
0.327865600586 0.197178047357
0.327880859375 0.181565430209
0.327896118164 0.175580120311
0.327911376953 0.179453352374
0.327926635742 0.15623138517
0.327941894531 0.175873826455
0.32795715332 0.191049331424
0.327972412109 0.177703726277
0.327987670898 0.183359053763
0.328002929688 0.184493751529
0.328018188477 0.207084128596
0.328033447266 0.17961768381
0.328048706055 0.181327498587
0.328063964844 0.193645824353
0.328079223633 0.198547228087
0.328094482422 0.19575881986
0.328109741211 0.229533678775
0.328125 0.204495891352
0.328140258789 0.202086582562
0.328155517578 0.205069157188
0.328170776367 0.196961454521
0.328186035156 0.196194906215
0.328201293945 0.182452818529
0.328216552734 0.193422747326
0.328231811523 0.197418358945
0.328247070312 0.196739614079
0.328262329102 0.165723347588
0.328277587891 0.187313685831
0.32829284668 0.18963171522
0.328308105469 0.151237443238
0.328323364258 0.163682202632
0.328338623047 0.167721204827
0.328353881836 0.178697020882
0.328369140625 0.166501018227
0.328384399414 0.194852171686
0.328399658203 0.206795034056
0.328414916992 0.190539537785
0.328430175781 0.17797999831
0.32844543457 0.18496519234
0.328460693359 0.190840793647
0.328475952148 0.172840561602
0.328491210938 0.161869600025
0.328506469727 0.182388728823
0.328521728516 0.180304224926
0.328536987305 0.180336293314
0.328552246094 0.182687267977
0.328567504883 0.185312124937
0.328582763672 0.179064253205
0.328598022461 0.205506119894
0.32861328125 0.199027136126
0.328628540039 0.168370620098
0.328643798828 0.155411643576
0.328659057617 0.198235564836
0.328674316406 0.215791604054
0.328689575195 0.211892669428
0.328704833984 0.213684999503
0.328720092773 0.177373143271
0.328735351562 0.161660901771
0.328750610352 0.187483123035
0.328765869141 0.17166120731
0.32878112793 0.170246199029
0.328796386719 0.178715497718
0.328811645508 0.208149700821
0.328826904297 0.184588360578
0.328842163086 0.178884871331
0.328857421875 0.196838728788
0.328872680664 0.202258695069
0.328887939453 0.197217692013
0.328903198242 0.186190707062
0.328918457031 0.210844924283
0.32893371582 0.187252340884
0.328948974609 0.181587728149
0.328964233398 0.190747577723
0.328979492188 0.188406902345
0.328994750977 0.182641859825
0.329010009766 0.190154140054
0.329025268555 0.194951198798
0.329040527344 0.217173063672
0.329055786133 0.183691275399
0.329071044922 0.194061790094
0.329086303711 0.210866565416
0.3291015625 0.204897417835
0.329116821289 0.178304262998
0.329132080078 0.182543522837
0.329147338867 0.179083069033
0.329162597656 0.186577182871
0.329177856445 0.197176910438
0.329193115234 0.172219543195
0.329208374023 0.159283840837
0.329223632812 0.176146744285
0.329238891602 0.158929797933
0.329254150391 0.160309279763
0.32926940918 0.171629680722
0.329284667969 0.171145058264
0.329299926758 0.174997975408
0.329315185547 0.1949549827
0.329330444336 0.198762754421
0.329345703125 0.19076651698
0.329360961914 0.209485554129
0.329376220703 0.183915086527
0.329391479492 0.186142782001
0.329406738281 0.174605488324
0.32942199707 0.180249049441
0.329437255859 0.208965239094
0.329452514648 0.17605176266
0.329467773438 0.190333158294
0.329483032227 0.193512451214
0.329498291016 0.17565877951
0.329513549805 0.158662864473
0.329528808594 0.191134043167
0.329544067383 0.19296223174
0.329559326172 0.181604636028
0.329574584961 0.184543170691
0.32958984375 0.187011296574
0.329605102539 0.212280204
0.329620361328 0.199894687982
0.329635620117 0.178221909668
0.329650878906 0.162373562874
0.329666137695 0.15735251262
0.329681396484 0.186902597655
0.329696655273 0.209260630335
0.329711914062 0.201291763679
0.329727172852 0.200669231915
0.329742431641 0.197364807998
0.32975769043 0.161800754995
0.329772949219 0.178622904348
0.329788208008 0.188726289705
0.329803466797 0.178319286717
0.329818725586 0.191396511459
0.329833984375 0.195950907323
0.329849243164 0.198346637067
0.329864501953 0.206772172562
0.329879760742 0.202792841937
0.329895019531 0.189738543517
0.32991027832 0.21099255258
0.329925537109 0.202748601848
0.329940795898 0.193674530178
0.329956054688 0.210993761381
0.329971313477 0.21329858394
0.329986572266 0.196702566113
0.330001831055 0.169204159205
0.330017089844 0.168947159222
0.330032348633 0.161727714143
0.330047607422 0.16625553848
0.330062866211 0.15797834132
0.330078125 0.177609225988
0.330093383789 0.192773722245
0.330108642578 0.179747885294
0.330123901367 0.175143528315
0.330139160156 0.181612421696
0.330154418945 0.17368759646
0.330169677734 0.165534856443
0.330184936523 0.175997300796
0.330200195312 0.183417023994
0.330215454102 0.199008036695
0.330230712891 0.161330262035
0.33024597168 0.175689511291
0.330261230469 0.187663508014
0.330276489258 0.201983591802
0.330291748047 0.19465269969
0.330307006836 0.207585073762
0.330322265625 0.182944872232
0.330337524414 0.161567650925
0.330352783203 0.143685593102
0.330368041992 0.180590050237
0.330383300781 0.206250351202
