tests/data/interf_spec160731-1204.dat
# %ECSV 0.9
# ---
# datatype:
# - {name: frequency, datatype: float64}
# - {name: power, datatype: float64}
# meta: !!omap
# - {L0: 3000}
# - {MegaScreenVersion: 0.4.0}
# - {baseline: 1500}
# - {freqOverlap: 4.0}
# - {nfftInner: 256}
# - {nfftOuter: 256}
# - {nperseg: 65536}
# - {numScreen: 160000}
# - {plot: true}
# - {plotPhases: false}
# - {prefix: interf_spec}
# - {r0: 5}
# - {step: 32}
frequency power
[from data line 24879]
0.379623413086 0.117669965061
0.379638671875 0.116124861493
0.379653930664 0.113367551483
0.379669189453 0.117980081909
0.379684448242 0.117829333897
0.379699707031 0.126954079263
0.37971496582 0.127357323919
0.379730224609 0.132599820766
0.379745483398 0.124692244031
0.379760742188 0.134156857052
0.379776000977 0.130405731299
0.379791259766 0.116562433183
0.379806518555 0.115087595557
0.379821777344 0.128644191467
0.379837036133 0.132654643039
0.379852294922 0.114459943188
0.379867553711 0.110664288947
0.3798828125 0.108711757545
0.379898071289 0.118042535969
0.379913330078 0.127538880388
0.379928588867 0.125619251903
0.379943847656 0.115269766057
0.379959106445 0.105680721788
0.379974365234 0.106292911859
0.379989624023 0.115583400483
0.380004882812 0.139137024393
0.380020141602 0.128392203606
0.380035400391 0.104157054532
0.38005065918 0.110276691653
0.380065917969 0.132808148332
0.380081176758 0.121181868767
0.380096435547 0.123741551389
0.380111694336 0.116213338002
0.380126953125 0.116895774691
0.380142211914 0.135774490444
0.380157470703 0.146847398391
0.380172729492 0.121024745289
0.380187988281 0.112671088562
0.38020324707 0.110362594744
0.380218505859 0.121109581251
0.380233764648 0.113311751495
0.380249023438 0.114315309272
0.380264282227 0.123562194641
0.380279541016 0.127438591085
0.380294799805 0.121714406829
0.380310058594 0.121771482133
0.380325317383 0.122370308981
0.380340576172 0.127063510545
0.380355834961 0.12965864719
0.38037109375 0.129293494269
0.380386352539 0.113020472793
0.380401611328 0.112301403238
0.380416870117 0.119624063338
0.380432128906 0.121170404347
0.380447387695 0.131567444572
0.380462646484 0.127637017679
0.380477905273 0.125186606069
0.380493164062 0.129176171718
0.380508422852 0.125004390451
0.380523681641 0.116362350175
0.38053894043 0.108399768639
0.380554199219 0.12191447242
0.380569458008 0.116859181175
0.380584716797 0.109573804264
0.380599975586 0.123442937131
0.380615234375 0.129611331831
0.380630493164 0.109418857928
0.380645751953 0.101438684614
0.380661010742 0.115942983347
0.380676269531 0.125338767871
0.38069152832 0.106223464069
0.380706787109 0.103185836186
0.380722045898 0.103683224126
0.380737304688 0.101906214
0.380752563477 0.0919523898617
0.380767822266 0.0945713376212
0.380783081055 0.113150240774
0.380798339844 0.130564241001
0.380813598633 0.130508576742
0.380828857422 0.122769317341
0.380844116211 0.121580270352
0.380859375 0.119678210229
0.380874633789 0.119850790018
0.380889892578 0.11846476012
0.380905151367 0.117667189582
0.380920410156 0.119142819689
0.380935668945 0.124171459768
0.380950927734 0.112324400497
0.380966186523 0.105026801138
0.380981445312 0.0914753260801
0.380996704102 0.0998494339642
0.381011962891 0.113705779419
0.38102722168 0.121631460746
0.381042480469 0.118580473178
0.381057739258 0.132171978814
0.381072998047 0.127635668936
0.381088256836 0.129722694683
0.381103515625 0.148044151
0.381118774414 0.144333591683
0.381134033203 0.133327023999
0.381149291992 0.11748054263
0.381164550781 0.103967427254
0.38117980957 0.126627918506
0.381195068359 0.131786869861
0.381210327148 0.1099415698
0.381225585938 0.101362403942
0.381240844727 0.105891819656
0.381256103516 0.112989130506
0.381271362305 0.10892857471
0.381286621094 0.120226004775
0.381301879883 0.130475097704
0.381317138672 0.129633191673
0.381332397461 0.130289150225
0.38134765625 0.117175550121
0.381362915039 0.103551354449
0.381378173828 0.116623805205
0.381393432617 0.126831177902
0.381408691406 0.133112645892
0.381423950195 0.118863217618
0.381439208984 0.0993310066103
0.381454467773 0.092796642929
0.381469726562 0.112935212924
0.381484985352 0.116868577326
0.381500244141 0.116342211676
0.38151550293 0.123470724848
0.381530761719 0.13218960847
0.381546020508 0.131065244564
0.381561279297 0.12840925992
0.381576538086 0.131719335944
0.381591796875 0.125290009429
0.381607055664 0.11438714846
0.381622314453 0.125216435369
0.381637573242 0.116240624774
0.381652832031 0.115820087872
0.38166809082 0.119259325497
0.381683349609 0.124304311568
0.381698608398 0.117103670977
0.381713867188 0.108087753046
0.381729125977 0.122454242611
0.381744384766 0.122132489034
0.381759643555 0.107959808031
0.381774902344 0.0964404844783
0.381790161133 0.10069040595
0.381805419922 0.11504959727
0.381820678711 0.105675017425
0.3818359375 0.0969249650157
0.381851196289 0.109133333958
0.381866455078 0.103022469413
0.381881713867 0.113020312104
0.381896972656 0.120408654502
0.381912231445 0.119973700516
0.381927490234 0.130705887021
0.381942749023 0.118712254114
0.381958007812 0.120259690953
0.381973266602 0.129597416084
0.381988525391 0.115127816204
0.38200378418 0.108894335869
0.382019042969 0.134491474492
0.382034301758 0.138837970743
0.382049560547 0.136322283158
0.382064819336 0.131254209404
0.382080078125 0.129869555351
0.382095336914 0.114159464934
0.382110595703 0.109096184992
0.382125854492 0.117817471623
0.382141113281 0.128758712345
0.38215637207 0.121628485057
0.382171630859 0.118615800652
0.382186889648 0.116060977147
0.382202148438 0.111023814651
0.382217407227 0.119350146005
0.382232666016 0.110975072281
0.382247924805 0.106713220447
0.382263183594 0.115500768918
0.382278442383 0.120550637248
0.382293701172 0.123779026122
0.382308959961 0.120994821675
0.38232421875 0.1307626842
0.382339477539 0.131140630841
0.382354736328 0.137752044759
0.382369995117 0.139709483381
0.382385253906 0.116790556815
0.382400512695 0.126195659776
0.382415771484 0.124949278514
0.382431030273 0.121298260775
0.382446289062 0.120441921276
0.382461547852 0.110512666336
0.382476806641 0.117790164148
0.38249206543 0.138877881082
0.382507324219 0.120492374425
0.382522583008 0.0974890440825
0.382537841797 0.122884707497
0.382553100586 0.128307136285
0.382568359375 0.128592482727
0.382583618164 0.12328973879
0.382598876953 0.126209109636
0.382614135742 0.136373501531
0.382629394531 0.139174267102
0.38264465332 0.129851966738
0.382659912109 0.110358641318
0.382675170898 0.119595471467
0.382690429688 0.116644311569
0.382705688477 0.112851602211
0.382720947266 0.119704292096
0.382736206055 0.115614246733
0.382751464844 0.125141644063
0.382766723633 0.112458445878
0.382781982422 0.106652321774
0.382797241211 0.117745499009
0.3828125 0.143145564596
0.382827758789 0.11259722931
0.382843017578 0.0966733789196
0.382858276367 0.110651889977
0.382873535156 0.112653737595
0.382888793945 0.114749602027
0.382904052734 0.119598654772
0.382919311523 0.12595898742
0.382934570312 0.119930099476
0.382949829102 0.124781116075
0.382965087891 0.122815384903
0.38298034668 0.121263833097
0.382995605469 0.122642968318
0.383010864258 0.106291968506
0.383026123047 0.0983780962295
0.383041381836 0.105442472511
0.383056640625 0.114540451374
0.383071899414 0.122484550875
0.383087158203 0.117309116192
0.383102416992 0.105699484249
0.383117675781 0.111485555431
0.38313293457 0.0969932946105
0.383148193359 0.107584819796
0.383163452148 0.12358120503
0.383178710938 0.119304526927
0.383193969727 0.110281885919
0.383209228516 0.113952383453
0.383224487305 0.111075239996
0.383239746094 0.117757788301
0.383255004883 0.107760255292
0.383270263672 0.1135378141
0.383285522461 0.115196909296
0.38330078125 0.114955042155
0.383316040039 0.112191289898
0.383331298828 0.118592704624
0.383346557617 0.109462212705
0.383361816406 0.10891070942
0.383377075195 0.110707727152
0.383392333984 0.112581369483
0.383407592773 0.105975356088
0.383422851562 0.118111686291
0.383438110352 0.129182272719
0.383453369141 0.127868302642
0.38346862793 0.112676650585
0.383483886719 0.112946313465
0.383499145508 0.107252759364
0.383514404297 0.124191397559
0.383529663086 0.12698651996
0.383544921875 0.12215926459
0.383560180664 0.11301904853
0.383575439453 0.119619510534
0.383590698242 0.13584555018
0.383605957031 0.125435820554
0.38362121582 0.112750646212
0.383636474609 0.126432179405
0.383651733398 0.130135143304
0.383666992188 0.107461268518
0.383682250977 0.107540568788
0.383697509766 0.124519445587
0.383712768555 0.132311977204
0.383728027344 0.128313205136
0.383743286133 0.117397452624
0.383758544922 0.110673902736
0.383773803711 0.121187700322
0.3837890625 0.116231925727
0.383804321289 0.101178935971
0.383819580078 0.119324627131
0.383834838867 0.121013191884
0.383850097656 0.110269841475
0.383865356445 0.119339654782
0.383880615234 0.113806747657
0.383895874023 0.112459417404
0.383911132812 0.104619676851
0.383926391602 0.111156940167
0.383941650391 0.12768636932
0.38395690918 0.122672794387
0.383972167969 0.113496369434
0.383987426758 0.104527762434
0.384002685547 0.103429951601
0.384017944336 0.108716143688
0.384033203125 0.110021857452
0.384048461914 0.117206821156
0.384063720703 0.119287460256
0.384078979492 0.119905223891
0.384094238281 0.119761445904
0.38410949707 0.118670124338
0.384124755859 0.121192496591
0.384140014648 0.112378630655
0.384155273438 0.107919008304
0.384170532227 0.110556926217
0.384185791016 0.123899528287
0.384201049805 0.12360150369
0.384216308594 0.10511231908
0.384231567383 0.120855615379
0.384246826172 0.116976742545
0.384262084961 0.108134884876
0.38427734375 0.11246555844
0.384292602539 0.127018281845
0.384307861328 0.118502996739
0.384323120117 0.103412490295
0.384338378906 0.103914019582
0.384353637695 0.119433473588
0.384368896484 0.108494555782
0.384384155273 0.108124829984
0.384399414062 0.1255429677
0.384414672852 0.124897738387
0.384429931641 0.134340346813
0.38444519043 0.134883980997
0.384460449219 0.114826310036
0.384475708008 0.108819601121
0.384490966797 0.111266944383
0.384506225586 0.108677650603
0.384521484375 0.0995109933413
0.384536743164 0.10697150443
0.384552001953 0.125124662943
0.384567260742 0.121859505603
0.384582519531 0.120091728579
0.38459777832 0.121120222054
0.384613037109 0.116835376012
0.384628295898 0.122098135797
0.384643554688 0.123113443449
0.384658813477 0.13877946404
0.384674072266 0.132303920335
0.384689331055 0.139504304402
0.384704589844 0.129455212474
0.384719848633 0.114298622336
0.384735107422 0.108442833836
0.384750366211 0.109939822914
0.384765625 0.117921241507
0.384780883789 0.125723305019
0.384796142578 0.123989287457
0.384811401367 0.124910676556
0.384826660156 0.105292096449
0.384841918945 0.107613898131
0.384857177734 0.111648197003
0.384872436523 0.127760599752
0.384887695312 0.136977484962
0.384902954102 0.129740185641
0.384918212891 0.10803568359
0.38493347168 0.115658100053
0.384948730469 0.122472025122
0.384963989258 0.110141269286
0.384979248047 0.0972312737885
0.384994506836 0.109156605229
0.385009765625 0.118775987168
0.385025024414 0.106809037077
0.385040283203 0.11722493604
0.385055541992 0.119915569982
0.385070800781 0.131624501837
0.38508605957 0.124357073181
0.385101318359 0.113742884661
0.385116577148 0.118514548396
0.385131835938 0.119152100667
0.385147094727 0.118396470641
0.385162353516 0.113774610267
0.385177612305 0.122686035897
0.385192871094 0.116554153932
0.385208129883 0.113063416211
0.385223388672 0.117730642422
0.385238647461 0.119537809079
0.38525390625 0.125417197383
0.385269165039 0.120124201296
0.385284423828 0.119243727855
0.385299682617 0.110132306601
0.385314941406 0.111097438199
0.385330200195 0.136660869918
0.385345458984 0.138019623018
0.385360717773 0.123385883237
0.385375976562 0.119039804541
0.385391235352 0.129624349797
0.385406494141 0.125418275245
0.38542175293 0.111480387529
0.385437011719 0.12663441405
0.385452270508 0.126655639303
0.385467529297 0.120925241648
0.385482788086 0.12159672302
0.385498046875 0.0937056260094
0.385513305664 0.104239132737
0.385528564453 0.103316731771
0.385543823242 0.113571399801
0.385559082031 0.124408032611
0.38557434082 0.112937025446
0.385589599609 0.109138453049
0.385604858398 0.104110775693
0.385620117188 0.122561052437
0.385635375977 0.118792023297
0.385650634766 0.118873854706
0.385665893555 0.106041234368
0.385681152344 0.107168523982
0.385696411133 0.109733156831
0.385711669922 0.106909777184
0.385726928711 0.130047496009
0.3857421875 0.12601841185
0.385757446289 0.119633127824
0.385772705078 0.104132279951
0.385787963867 0.110697807782
0.385803222656 0.105402481785
0.385818481445 0.124806714541
0.385833740234 0.122181677315
0.385848999023 0.108494113874
0.385864257812 0.109472304123
0.385879516602 0.115498920808
0.385894775391 0.118702680793
0.38591003418 0.118005363041
0.385925292969 0.114551548829
0.385940551758 0.111329802424
0.385955810547 0.106922845545
0.385971069336 0.1102005406
0.385986328125 0.11405956537
0.386001586914 0.107152731496
0.386016845703 0.118144323632
0.386032104492 0.116101944102
0.386047363281 0.114149216314
0.38606262207 0.130534754795
0.386077880859 0.133643866826
0.386093139648 0.127659905811
0.386108398438 0.112970988804
0.386123657227 0.126642339283
0.386138916016 0.116537466748
0.386154174805 0.107976580357
0.386169433594 0.108659225331
0.386184692383 0.128608946568
0.386199951172 0.106665326753
0.386215209961 0.105156411415
0.38623046875 0.118031897861
0.386245727539 0.110618122659
0.386260986328 0.10817747755
0.386276245117 0.109035189955
0.386291503906 0.110856815955
0.386306762695 0.120743989975
0.386322021484 0.113789010352
0.386337280273 0.111409931283
0.386352539062 0.125947790838
0.386367797852 0.132958182696
0.386383056641 0.0985000635245
0.38639831543 0.105668610166
0.386413574219 0.112958341928
0.386428833008 0.111634640284
0.386444091797 0.114370338216
0.386459350586 0.108851121818
0.386474609375 0.109572979128
0.386489868164 0.112535389519
0.386505126953 0.125519317364
0.386520385742 0.121111371736
0.386535644531 0.109275804238
0.38655090332 0.109660863604
0.386566162109 0.133280429289
0.386581420898 0.126196244899
0.386596679688 0.120209654124
0.386611938477 0.113300146666
0.386627197266 0.111091068688
0.386642456055 0.117806881512
0.386657714844 0.111151907137
0.386672973633 0.1077667412
0.386688232422 0.104087690016
0.386703491211 0.110208955739
0.38671875 0.115601508773
0.386734008789 0.105264545945
0.386749267578 0.105956048147
0.386764526367 0.101983612473
0.386779785156 0.109235981271
0.386795043945 0.125874840199
0.386810302734 0.123445562073
0.386825561523 0.127222735798
0.386840820312 0.124527001925
0.386856079102 0.105586247379
0.386871337891 0.105186739019
0.38688659668 0.1131569812
0.386901855469 0.124901158529
0.386917114258 0.115703994295
0.386932373047 0.110933687097
0.386947631836 0.103437603443
0.386962890625 0.0974366872281
0.386978149414 0.0880459078042
0.386993408203 0.106572490934
0.387008666992 0.115515600597
0.387023925781 0.115580180638
0.38703918457 0.1089608042
0.387054443359 0.118527281141
0.387069702148 0.119008812441
0.387084960938 0.126908548929
0.387100219727 0.127214598801
0.387115478516 0.124363973855
0.387130737305 0.122397877826
0.387145996094 0.120776163306
0.387161254883 0.112227984508
0.387176513672 0.108096347563
0.387191772461 0.107001304624
0.38720703125 0.109118687747
0.387222290039 0.106147675362
0.387237548828 0.116774135899
0.387252807617 0.105294602147
0.387268066406 0.104048182836
0.387283325195 0.146714043352
0.387298583984 0.144130873157
0.387313842773 0.114035504309
0.387329101562 0.107044799434
0.387344360352 0.10957311202
0.387359619141 0.101193805622
0.38737487793 0.0990541240602
0.387390136719 0.104745977153
0.387405395508 0.106904280329
0.387420654297 0.0986606756616
0.387435913086 0.0969046371968
0.387451171875 0.11087061291
0.387466430664 0.118287539483
0.387481689453 0.100237435764
0.387496948242 0.124589721539
0.387512207031 0.131992687402
0.38752746582 0.104923864963
0.387542724609 0.101289788011
0.387557983398 0.107464829896
0.387573242188 0.118823351163
0.387588500977 0.115078953431
0.387603759766 0.106431325887
0.387619018555 0.108752251372
0.387634277344 0.123959703121
0.387649536133 0.115173509161
0.387664794922 0.112490384214
0.387680053711 0.113676101538
0.3876953125 0.112806422363
0.387710571289 0.110688528982
0.387725830078 0.115015309099
0.387741088867 0.116898788184
0.387756347656 0.108244397668
0.387771606445 0.107685218445
