tests/data/interf_spec160731-1225.dat
# %ECSV 0.9
# ---
# datatype:
# - {name: frequency, datatype: float64}
# - {name: power, datatype: float64}
# meta: !!omap
# - {L0: 3000}
# - {MegaScreenVersion: 0.4.0}
# - {baseline: 250}
# - {freqOverlap: 4.0}
# - {nfftInner: 256}
# - {nfftOuter: 256}
# - {nperseg: 65536}
# - {numScreen: 160000}
# - {plot: true}
# - {plotPhases: false}
# - {prefix: interf_spec}
# - {r0: 5}
# - {step: 32}
frequency power
[from data line 2130]
0.0325012207031 90.6136856192
0.0325164794922 89.4252133539
0.0325317382812 86.5320687592
0.0325469970703 96.6454723611
0.0325622558594 103.319602699
0.0325775146484 100.347293528
0.0325927734375 108.022249984
0.0326080322266 95.3516554655
0.0326232910156 92.4550430566
0.0326385498047 99.8015398565
0.0326538085938 96.9193502964
0.0326690673828 112.885835218
0.0326843261719 102.02109269
0.0326995849609 94.6866654194
0.03271484375 105.90030957
0.0327301025391 96.4792002102
0.0327453613281 93.0109455069
0.0327606201172 109.381515271
0.0327758789062 105.548923386
0.0327911376953 91.7953771625
0.0328063964844 100.003195486
0.0328216552734 107.508013426
0.0328369140625 96.8630047125
0.0328521728516 102.497457485
0.0328674316406 94.6424238197
0.0328826904297 92.72868958
0.0328979492188 97.0413411008
0.0329132080078 101.015043101
0.0329284667969 98.5935056509
0.0329437255859 83.63344138
0.032958984375 83.054706055
0.0329742431641 89.7267089821
0.0329895019531 94.3379792258
0.0330047607422 87.4093057039
0.0330200195312 84.0303318436
0.0330352783203 101.118208095
0.0330505371094 100.367306983
0.0330657958984 90.9252558149
0.0330810546875 94.0592598908
0.0330963134766 93.7558116822
0.0331115722656 90.0809702237
0.0331268310547 79.8714327759
0.0331420898438 78.2382870593
0.0331573486328 92.852391592
0.0331726074219 93.7249899677
0.0331878662109 87.0010894927
0.033203125 91.8542501482
0.0332183837891 85.0988007482
0.0332336425781 80.6054499107
0.0332489013672 86.5930691123
0.0332641601562 95.4655244226
0.0332794189453 100.1924297
0.0332946777344 92.3623837446
0.0333099365234 100.744016005
0.0333251953125 91.3655694743
0.0333404541016 88.2892015475
0.0333557128906 89.9339326635
0.0333709716797 87.2011675302
0.0333862304688 86.3798197598
0.0334014892578 100.545554171
0.0334167480469 98.6657022532
0.0334320068359 90.933796386
0.033447265625 90.9289275771
0.0334625244141 99.9297923113
0.0334777832031 93.5966039015
0.0334930419922 97.8533066006
0.0335083007812 95.1282246762
0.0335235595703 85.3648197174
0.0335388183594 86.2151191403
0.0335540771484 98.2823729993
0.0335693359375 85.3274170103
0.0335845947266 82.3792404336
0.0335998535156 93.8755587408
0.0336151123047 94.3757857531
0.0336303710938 90.4690180297
0.0336456298828 81.4761355819
0.0336608886719 91.531734737
0.0336761474609 97.2900325296
0.03369140625 98.7683069463
0.0337066650391 97.9895429545
0.0337219238281 96.6647044366
0.0337371826172 98.6633311889
0.0337524414062 97.0288657897
0.0337677001953 85.082925488
0.0337829589844 80.4069540251
0.0337982177734 80.4656353622
0.0338134765625 73.5685759165
0.0338287353516 79.281494186
0.0338439941406 80.8990985597
0.0338592529297 91.6081430524
0.0338745117188 93.5920430547
0.0338897705078 83.1208034568
0.0339050292969 80.3504995751
0.0339202880859 75.9619148189
0.033935546875 87.8087402508
0.0339508056641 86.7246403695
0.0339660644531 93.4599065424
0.0339813232422 80.0158554744
0.0339965820312 82.0521273034
0.0340118408203 86.5929178722
0.0340270996094 93.6487148465
0.0340423583984 102.279942223
0.0340576171875 97.9339723977
0.0340728759766 91.0161376486
0.0340881347656 86.5207993912
0.0341033935547 80.743815846
0.0341186523438 82.2891033385
0.0341339111328 88.1747214425
0.0341491699219 83.4464596153
0.0341644287109 89.0830908888
0.0341796875 88.6498971005
0.0341949462891 86.6562903666
0.0342102050781 78.869860128
0.0342254638672 75.9519060951
0.0342407226562 87.6129305812
0.0342559814453 103.087917753
0.0342712402344 100.533055993
0.0342864990234 77.3142311687
0.0343017578125 82.6852471306
0.0343170166016 82.5308927615
0.0343322753906 73.8382819683
0.0343475341797 86.3636992716
0.0343627929688 87.0885385702
0.0343780517578 89.3426046537
0.0343933105469 86.7445032586
0.0344085693359 84.1521434196
0.034423828125 95.3435543402
0.0344390869141 96.4498933542
0.0344543457031 89.0827724374
0.0344696044922 79.6811903242
0.0344848632812 83.51918159
0.0345001220703 85.4039328103
0.0345153808594 82.79541522
0.0345306396484 83.4595122927
0.0345458984375 97.0955816808
0.0345611572266 88.2611493019
0.0345764160156 80.9077547654
0.0345916748047 79.2487058192
0.0346069335938 81.4206882815
0.0346221923828 84.1893534638
0.0346374511719 81.3160357861
0.0346527099609 82.9207676932
0.03466796875 86.6365133412
0.0346832275391 72.563159404
0.0346984863281 74.1467431545
0.0347137451172 81.7851014406
0.0347290039062 83.8069410845
0.0347442626953 85.2065278317
0.0347595214844 82.7864386623
0.0347747802734 80.9717526856
0.0347900390625 77.3973363922
0.0348052978516 78.6767320111
0.0348205566406 82.2429796739
0.0348358154297 89.7500801449
0.0348510742188 86.5453904818
0.0348663330078 84.1827969044
0.0348815917969 85.8513270864
0.0348968505859 95.433584722
0.034912109375 97.9309280957
0.0349273681641 83.5398106594
0.0349426269531 83.2786706142
0.0349578857422 83.1106495943
0.0349731445312 79.3462495997
0.0349884033203 81.7169745647
0.0350036621094 79.6223952692
0.0350189208984 76.4758212809
0.0350341796875 78.2144851589
0.0350494384766 78.4370455259
0.0350646972656 80.9190500121
0.0350799560547 90.9704112991
0.0350952148438 85.9425642676
0.0351104736328 75.8881942897
0.0351257324219 86.6637021478
0.0351409912109 89.5196955551
0.03515625 89.6838337448
0.0351715087891 85.6420313747
0.0351867675781 86.315961728
0.0352020263672 72.4791666648
0.0352172851562 79.4612025181
0.0352325439453 77.3931726534
0.0352478027344 71.3477115933
0.0352630615234 75.5424340947
0.0352783203125 81.2715153651
0.0352935791016 78.6268092469
0.0353088378906 77.7695761537
0.0353240966797 69.9319004449
0.0353393554688 74.8666743381
0.0353546142578 84.369819274
0.0353698730469 84.2939507295
0.0353851318359 90.3188547523
0.035400390625 87.3723131217
0.0354156494141 80.0074926113
0.0354309082031 71.5866284606
0.0354461669922 66.9069850096
0.0354614257812 80.6397876035
0.0354766845703 78.053175495
0.0354919433594 90.0037038041
0.0355072021484 85.0597513656
0.0355224609375 78.7378865197
0.0355377197266 67.4823774994
0.0355529785156 80.6264801936
0.0355682373047 79.8714680131
0.0355834960938 81.265346654
0.0355987548828 77.3030944144
0.0356140136719 73.6562935626
0.0356292724609 77.075800222
0.03564453125 81.8375743764
0.0356597900391 72.8372817109
0.0356750488281 82.2858245039
0.0356903076172 79.2942256844
0.0357055664062 73.2169111342
0.0357208251953 75.1522153993
0.0357360839844 67.3715875401
0.0357513427734 73.7656383984
0.0357666015625 77.6934696771
0.0357818603516 76.3408141387
0.0357971191406 72.8817933308
0.0358123779297 73.0367112821
0.0358276367188 70.6550744054
0.0358428955078 79.3673621741
0.0358581542969 82.0944983865
0.0358734130859 72.9049101677
0.035888671875 72.3310008327
0.0359039306641 74.1178191304
0.0359191894531 79.9615850449
0.0359344482422 77.3392684956
0.0359497070312 62.9119113298
0.0359649658203 74.2091518331
0.0359802246094 74.5137156175
0.0359954833984 71.1127894064
0.0360107421875 68.4009803527
0.0360260009766 71.5998198049
0.0360412597656 72.6225818849
0.0360565185547 70.5037837982
0.0360717773438 74.852599527
0.0360870361328 74.5837767495
0.0361022949219 68.5219469595
0.0361175537109 76.8759830607
0.0361328125 72.4104607181
0.0361480712891 76.6448394914
0.0361633300781 75.3147792561
0.0361785888672 73.965955194
0.0361938476562 77.2086055744
0.0362091064453 83.0039004866
0.0362243652344 78.3846013048
0.0362396240234 69.0761069072
0.0362548828125 77.2237428304
0.0362701416016 73.2057007559
0.0362854003906 65.5870373767
0.0363006591797 78.1530532216
0.0363159179688 94.072434869
0.0363311767578 92.7506706215
0.0363464355469 67.3948436964
0.0363616943359 69.3961832985
0.036376953125 68.6299842626
0.0363922119141 65.1229608723
0.0364074707031 68.8586345451
0.0364227294922 67.0059187066
0.0364379882812 75.3187316481
0.0364532470703 78.7748178738
0.0364685058594 80.2007568495
0.0364837646484 76.9950995518
0.0364990234375 73.3729805989
0.0365142822266 67.950690932
0.0365295410156 64.0452630173
0.0365447998047 68.7820808602
0.0365600585938 70.2230398997
0.0365753173828 69.9546735164
0.0365905761719 67.81692067
0.0366058349609 66.1329795507
0.03662109375 73.3319485709
0.0366363525391 79.0506101292
0.0366516113281 81.0234839449
0.0366668701172 73.6198276709
0.0366821289062 68.5817643138
0.0366973876953 68.9400784243
0.0367126464844 70.6588616123
0.0367279052734 59.4531934403
0.0367431640625 63.2109003782
0.0367584228516 64.7695109389
0.0367736816406 64.6829794356
0.0367889404297 80.1301816317
0.0368041992188 81.2917853555
0.0368194580078 77.4448660287
0.0368347167969 68.6793841056
0.0368499755859 62.3551387896
0.036865234375 58.6590446349
0.0368804931641 61.7458646977
0.0368957519531 67.749298862
0.0369110107422 75.7597930692
0.0369262695312 69.6679043745
0.0369415283203 67.0228590451
0.0369567871094 72.2144244499
0.0369720458984 73.8196744545
0.0369873046875 71.5025386096
0.0370025634766 73.7098544642
0.0370178222656 70.1452394304
0.0370330810547 74.8199707661
0.0370483398438 72.7789997585
0.0370635986328 71.6374046468
0.0370788574219 69.0610086333
0.0370941162109 67.3901325979
0.037109375 72.4903243635
0.0371246337891 71.0843904546
0.0371398925781 64.2008632871
0.0371551513672 68.2430755179
0.0371704101562 71.2932234519
0.0371856689453 71.4372175887
0.0372009277344 69.0872714909
0.0372161865234 65.311758292
0.0372314453125 66.5443183511
0.0372467041016 66.4323957122
0.0372619628906 60.5890172789
0.0372772216797 62.691224409
0.0372924804688 68.1039729854
0.0373077392578 74.6568299282
0.0373229980469 68.7294206334
0.0373382568359 72.1744797259
0.037353515625 73.3361026036
0.0373687744141 67.107147577
0.0373840332031 62.9015515193
0.0373992919922 63.0187046385
0.0374145507812 68.1059225223
0.0374298095703 60.4451809295
0.0374450683594 47.0162461925
0.0374603271484 56.4676615897
0.0374755859375 64.1500891708
0.0374908447266 75.3765985757
0.0375061035156 67.8330316958
0.0375213623047 63.4852146852
0.0375366210938 68.2754338846
0.0375518798828 62.8498020346
0.0375671386719 63.8588827595
0.0375823974609 63.8832890956
0.03759765625 65.5861135221
0.0376129150391 62.1079091113
0.0376281738281 63.0582245501
0.0376434326172 68.5293693425
0.0376586914062 63.7981507421
0.0376739501953 58.1436613268
0.0376892089844 54.1322577678
0.0377044677734 57.5972735583
0.0377197265625 58.0076032758
0.0377349853516 57.6337485578
0.0377502441406 58.8486398065
0.0377655029297 61.795887631
0.0377807617188 70.9352463245
0.0377960205078 69.203454853
0.0378112792969 73.6454037528
0.0378265380859 76.7792752442
0.037841796875 72.3126940449
0.0378570556641 76.8957983665
0.0378723144531 71.9677427173
0.0378875732422 71.482604669
0.0379028320312 65.2340709503
0.0379180908203 55.9788576489
0.0379333496094 65.033157507
0.0379486083984 70.1137058034
0.0379638671875 62.8169176927
0.0379791259766 61.7387604659
0.0379943847656 68.5383527352
0.0380096435547 69.5462667333
0.0380249023438 78.5419766357
0.0380401611328 73.3763595818
0.0380554199219 67.4979429846
0.0380706787109 59.6592821951
0.0380859375 60.5181190028
0.0381011962891 65.6407014927
0.0381164550781 70.4255000224
0.0381317138672 63.2877861704
0.0381469726562 63.3161152781
0.0381622314453 65.3333118844
0.0381774902344 62.4510886072
0.0381927490234 64.1714340189
0.0382080078125 67.5659294944
0.0382232666016 72.7793398351
0.0382385253906 66.5490428037
0.0382537841797 56.411557444
0.0382690429688 57.6674814854
0.0382843017578 65.8955926996
0.0382995605469 65.7529941098
0.0383148193359 62.7206525103
0.038330078125 63.016890749
0.0383453369141 66.8889262431
0.0383605957031 70.7720371349
0.0383758544922 64.4211967195
0.0383911132812 62.1178764704
0.0384063720703 63.4048635921
0.0384216308594 60.6344514259
0.0384368896484 63.7633979323
0.0384521484375 60.6776338099
0.0384674072266 58.0990085783
0.0384826660156 68.9686483348
0.0384979248047 68.4028520177
0.0385131835938 60.1528753665
0.0385284423828 57.6200219361
0.0385437011719 53.3036889198
0.0385589599609 59.9012484681
0.03857421875 58.4465214965
0.0385894775391 57.9393659106
0.0386047363281 63.0844387481
0.0386199951172 69.0719188428
0.0386352539062 68.9955596213
0.0386505126953 58.1911697089
0.0386657714844 65.259937562
0.0386810302734 60.1989472439
0.0386962890625 64.8513130789
0.0387115478516 66.2028633529
0.0387268066406 66.709790196
0.0387420654297 63.5735225812
0.0387573242188 58.7691402098
0.0387725830078 58.6621826987
0.0387878417969 59.9987731124
0.0388031005859 56.8571690722
0.038818359375 63.8384264031
0.0388336181641 67.0453369111
0.0388488769531 63.6516743993
0.0388641357422 56.7118070287
0.0388793945312 63.7180399925
0.0388946533203 67.0345109392
0.0389099121094 67.9981348724
0.0389251708984 65.1701626183
0.0389404296875 60.866718834
0.0389556884766 61.7907206365
0.0389709472656 68.617578973
0.0389862060547 61.1834240595
0.0390014648438 58.0239940159
0.0390167236328 61.7480896913
0.0390319824219 66.4904010731
0.0390472412109 66.846511165
0.0390625 61.2341633965
0.0390777587891 63.2677817509
0.0390930175781 64.120487196
0.0391082763672 64.8373978512
0.0391235351562 53.699621162
0.0391387939453 57.7406728015
0.0391540527344 59.4181913592
0.0391693115234 61.6391615186
0.0391845703125 64.3684052832
0.0391998291016 62.1770597792
0.0392150878906 56.0407902071
0.0392303466797 55.1017582785
0.0392456054688 56.9523111172
0.0392608642578 57.8430343324
0.0392761230469 58.7383689191
0.0392913818359 59.9071043682
0.039306640625 61.9063413749
0.0393218994141 66.4464013638
0.0393371582031 57.0610938475
0.0393524169922 58.6662897266
0.0393676757812 62.3028242376
0.0393829345703 58.0843134025
0.0393981933594 60.7451222634
0.0394134521484 61.7593894804
0.0394287109375 61.4193884552
0.0394439697266 63.6431734856
0.0394592285156 62.347562455
0.0394744873047 59.6326041177
0.0394897460938 55.2952580979
0.0395050048828 57.4087048359
0.0395202636719 63.1071705139
0.0395355224609 56.0005225355
0.03955078125 56.1182983212
0.0395660400391 58.2632001249
0.0395812988281 53.8044750648
0.0395965576172 58.3368327827
0.0396118164062 63.622137699
0.0396270751953 60.0628751819
0.0396423339844 60.3970817311
0.0396575927734 63.2786332401
0.0396728515625 57.1880349381
0.0396881103516 53.1049578326
0.0397033691406 54.8767931992
0.0397186279297 47.5221123024
0.0397338867188 56.020051574
0.0397491455078 55.8466827888
0.0397644042969 58.904387964
0.0397796630859 53.760485028
0.039794921875 55.9657133679
0.0398101806641 67.3956371948
0.0398254394531 61.6216389319
0.0398406982422 60.9139728899
0.0398559570312 59.750744412
0.0398712158203 63.0692941043
0.0398864746094 57.3020649622
0.0399017333984 48.2931983661
0.0399169921875 50.7273092926
0.0399322509766 55.4448046813
0.0399475097656 62.2999583182
0.0399627685547 60.4173830341
0.0399780273438 63.7838327763
0.0399932861328 68.1397410289
0.0400085449219 65.9427248859
0.0400238037109 58.7615107598
0.0400390625 60.2936037126
0.0400543212891 59.5659450433
0.0400695800781 51.7346297301
0.0400848388672 54.9982938178
0.0401000976562 59.4813792409
0.0401153564453 54.5246412054
0.0401306152344 53.2750283457
0.0401458740234 57.0057086903
0.0401611328125 62.2290399881
0.0401763916016 58.4828888648
0.0401916503906 51.8966988415
0.0402069091797 53.3379467848
0.0402221679688 55.2838707461
0.0402374267578 56.9988710377
0.0402526855469 53.3910758194
0.0402679443359 54.2849752723
0.040283203125 51.7208173367
0.0402984619141 60.4765428913
0.0403137207031 62.1440070412
0.0403289794922 56.4407203687
0.0403442382812 53.4476202746
0.0403594970703 56.9254503888
0.0403747558594 56.5891382806
0.0403900146484 54.2564562053
0.0404052734375 62.9263292671
0.0404205322266 58.3100501971
0.0404357910156 58.2608517126
0.0404510498047 60.2475570209
0.0404663085938 53.5616088422
0.0404815673828 50.9582333893
0.0404968261719 52.0830457821
0.0405120849609 49.9270489583
0.04052734375 58.5665318418
0.0405426025391 64.8931148564
0.0405578613281 65.3931175922
0.0405731201172 63.3254585655
0.0405883789062 50.3262012131
0.0406036376953 49.744628914
0.0406188964844 53.6134843796
0.0406341552734 62.7109158408
0.0406494140625 55.7715057656
0.0406646728516 55.7444867184
