tests/data/interf_spec160731-1204.dat
# %ECSV 0.9
# ---
# datatype:
# - {name: frequency, datatype: float64}
# - {name: power, datatype: float64}
# meta: !!omap
# - {L0: 3000}
# - {MegaScreenVersion: 0.4.0}
# - {baseline: 1500}
# - {freqOverlap: 4.0}
# - {nfftInner: 256}
# - {nfftOuter: 256}
# - {nperseg: 65536}
# - {numScreen: 160000}
# - {plot: true}
# - {plotPhases: false}
# - {prefix: interf_spec}
# - {r0: 5}
# - {step: 32}
frequency power
[from data line 20579]
0.314010620117 0.223686664278
0.314025878906 0.234400115476
0.314041137695 0.216052397683
0.314056396484 0.209311443084
0.314071655273 0.250494200198
0.314086914062 0.200445274592
0.314102172852 0.196329137972
0.314117431641 0.196036320201
0.31413269043 0.204665717586
0.314147949219 0.206399822483
0.314163208008 0.211401161516
0.314178466797 0.228593840735
0.314193725586 0.205366373476
0.314208984375 0.184270542104
0.314224243164 0.173867282627
0.314239501953 0.180178047171
0.314254760742 0.21730458874
0.314270019531 0.21776170216
0.31428527832 0.2266913249
0.314300537109 0.215298116603
0.314315795898 0.239660350986
0.314331054688 0.209265270809
0.314346313477 0.210209891423
0.314361572266 0.20074348645
0.314376831055 0.20244523418
0.314392089844 0.194297219105
0.314407348633 0.187630565756
0.314422607422 0.192701483962
0.314437866211 0.209237235119
0.314453125 0.191776873344
0.314468383789 0.219543415181
0.314483642578 0.192228922868
0.314498901367 0.188306211571
0.314514160156 0.205952057293
0.314529418945 0.201494584439
0.314544677734 0.200340837948
0.314559936523 0.184925150717
0.314575195312 0.199458536814
0.314590454102 0.213976797338
0.314605712891 0.212403003897
0.31462097168 0.227789149081
0.314636230469 0.232305365893
0.314651489258 0.219682686321
0.314666748047 0.198771701806
0.314682006836 0.190718508335
0.314697265625 0.201664656277
0.314712524414 0.179624085113
0.314727783203 0.176064193954
0.314743041992 0.199183780262
0.314758300781 0.193343225445
0.31477355957 0.209140112922
0.314788818359 0.215314670687
0.314804077148 0.230564158425
0.314819335938 0.205930644071
0.314834594727 0.204186421332
0.314849853516 0.219803304049
0.314865112305 0.232016635606
0.314880371094 0.239842379853
0.314895629883 0.226740299907
0.314910888672 0.232184829724
0.314926147461 0.208571552628
0.31494140625 0.195721578951
0.314956665039 0.212324228684
0.314971923828 0.224350894979
0.314987182617 0.197118232178
0.315002441406 0.203827368407
0.315017700195 0.249232900938
0.315032958984 0.199640227059
0.315048217773 0.203024986978
0.315063476562 0.187887351806
0.315078735352 0.193006495095
0.315093994141 0.209151718023
0.31510925293 0.201724613045
0.315124511719 0.173088835585
0.315139770508 0.182648190716
0.315155029297 0.19173629066
0.315170288086 0.196726376172
0.315185546875 0.184673921432
0.315200805664 0.196381757619
0.315216064453 0.19964457151
0.315231323242 0.174208803478
0.315246582031 0.198189195338
0.31526184082 0.212718434466
0.315277099609 0.219779047399
0.315292358398 0.185348690243
0.315307617188 0.172370944925
0.315322875977 0.206775088309
0.315338134766 0.200170777321
0.315353393555 0.180778313348
0.315368652344 0.200320872618
0.315383911133 0.224859926692
0.315399169922 0.196763916435
0.315414428711 0.199566344601
0.3154296875 0.173820907669
0.315444946289 0.207575405409
0.315460205078 0.251558444628
0.315475463867 0.225813141096
0.315490722656 0.194615673102
0.315505981445 0.207015805319
0.315521240234 0.2264044502
0.315536499023 0.22472916898
0.315551757812 0.214441203641
0.315567016602 0.202953997776
0.315582275391 0.187029890307
0.31559753418 0.192778366427
0.315612792969 0.196681046619
0.315628051758 0.220561774115
0.315643310547 0.207984024348
0.315658569336 0.214635720861
0.315673828125 0.195907041013
0.315689086914 0.205288266445
0.315704345703 0.212065288241
0.315719604492 0.223180276081
0.315734863281 0.244400705289
0.31575012207 0.259649027311
0.315765380859 0.220744490409
0.315780639648 0.199942168843
0.315795898438 0.213772184575
0.315811157227 0.21980446814
0.315826416016 0.200701079692
0.315841674805 0.189634265789
0.315856933594 0.204827078616
0.315872192383 0.180049331195
0.315887451172 0.177904945842
0.315902709961 0.180391609621
0.31591796875 0.186912280483
0.315933227539 0.21102446844
0.315948486328 0.201270880338
0.315963745117 0.223805443021
0.315979003906 0.183766447659
0.315994262695 0.192099379072
0.316009521484 0.201955006563
0.316024780273 0.214701610079
0.316040039062 0.237684112522
0.316055297852 0.252171347779
0.316070556641 0.209999416617
0.31608581543 0.197948468464
0.316101074219 0.212807971491
0.316116333008 0.194688031579
0.316131591797 0.206770672864
0.316146850586 0.220971130646
0.316162109375 0.203151225994
0.316177368164 0.197709293257
0.316192626953 0.199740772372
0.316207885742 0.238199955723
0.316223144531 0.218257963456
0.31623840332 0.191201584157
0.316253662109 0.187035446941
0.316268920898 0.175830807379
0.316284179688 0.163717267293
0.316299438477 0.171914915951
0.316314697266 0.179236476425
0.316329956055 0.182484757107
0.316345214844 0.198942140825
0.316360473633 0.237214521647
0.316375732422 0.233613066247
0.316390991211 0.227018175545
0.31640625 0.205093272195
0.316421508789 0.198494771277
0.316436767578 0.214424616828
0.316452026367 0.228821132718
0.316467285156 0.211658346218
0.316482543945 0.210709608001
0.316497802734 0.222000115587
0.316513061523 0.220233907712
0.316528320312 0.203912948946
0.316543579102 0.232027196132
0.316558837891 0.213252832382
0.31657409668 0.225543565744
0.316589355469 0.235862994617
0.316604614258 0.199049834992
0.316619873047 0.199835479634
0.316635131836 0.203187649737
0.316650390625 0.198049500468
0.316665649414 0.18182556774
0.316680908203 0.195830945204
0.316696166992 0.222782642738
0.316711425781 0.22389683642
0.31672668457 0.215846326076
0.316741943359 0.18844811819
0.316757202148 0.231469799678
0.316772460938 0.253550688536
0.316787719727 0.2286965478
0.316802978516 0.201680053089
0.316818237305 0.19078774141
0.316833496094 0.204419722039
0.316848754883 0.215350646779
0.316864013672 0.202116276169
0.316879272461 0.205973486927
0.31689453125 0.200335042894
0.316909790039 0.197284974067
0.316925048828 0.204697556515
0.316940307617 0.212366723839
0.316955566406 0.202982185631
0.316970825195 0.233654085557
0.316986083984 0.231179683189
0.317001342773 0.204403102771
0.317016601562 0.201394636753
0.317031860352 0.215324521732
0.317047119141 0.212548796941
0.31706237793 0.198603636506
0.317077636719 0.216113521391
0.317092895508 0.212977957911
0.317108154297 0.214932859065
0.317123413086 0.235654063152
0.317138671875 0.20666406898
0.317153930664 0.190158185847
0.317169189453 0.172056522785
0.317184448242 0.203417163773
0.317199707031 0.212763650482
0.31721496582 0.202045028813
0.317230224609 0.186674037051
0.317245483398 0.200742630548
0.317260742188 0.194212725017
0.317276000977 0.193480988563
0.317291259766 0.202056349531
0.317306518555 0.176080077315
0.317321777344 0.194917564749
0.317337036133 0.191091394407
0.317352294922 0.167713258951
0.317367553711 0.194668709158
0.3173828125 0.228169769132
0.317398071289 0.237038833193
0.317413330078 0.231705615166
0.317428588867 0.172594277908
0.317443847656 0.192780510409
0.317459106445 0.215468820445
0.317474365234 0.212882589099
0.317489624023 0.185753187582
0.317504882812 0.206128617158
0.317520141602 0.210493540504
0.317535400391 0.211554050374
0.31755065918 0.183838865661
0.317565917969 0.187442513332
0.317581176758 0.188554645105
0.317596435547 0.192736565801
0.317611694336 0.195101426233
0.317626953125 0.222136079126
0.317642211914 0.207235902673
0.317657470703 0.202353770356
0.317672729492 0.224424783235
0.317687988281 0.209245790864
0.31770324707 0.220171202807
0.317718505859 0.185412457705
0.317733764648 0.175903343319
0.317749023438 0.208364228169
0.317764282227 0.217065638511
0.317779541016 0.185180637504
0.317794799805 0.190892466858
0.317810058594 0.210615451338
0.317825317383 0.185091845698
0.317840576172 0.194270880427
0.317855834961 0.201892936425
0.31787109375 0.216577443351
0.317886352539 0.213571680172
0.317901611328 0.185073355904
0.317916870117 0.194936591519
0.317932128906 0.197407804809
0.317947387695 0.196638590899
0.317962646484 0.205211237392
0.317977905273 0.190296971775
0.317993164062 0.197588024162
0.318008422852 0.18080467667
0.318023681641 0.177023374044
0.31803894043 0.195150211501
0.318054199219 0.217458916686
0.318069458008 0.210321760002
0.318084716797 0.191398058498
0.318099975586 0.207988658855
0.318115234375 0.21133607671
0.318130493164 0.198946999503
0.318145751953 0.187081233219
0.318161010742 0.196653974484
0.318176269531 0.202158464935
0.31819152832 0.208640767385
0.318206787109 0.219285185343
0.318222045898 0.190351247748
0.318237304688 0.184156229415
0.318252563477 0.192139443722
0.318267822266 0.168129173413
0.318283081055 0.183167854159
0.318298339844 0.217894363689
0.318313598633 0.219241366887
0.318328857422 0.208517356222
0.318344116211 0.209386042315
0.318359375 0.200142799257
0.318374633789 0.218832492649
0.318389892578 0.208745433764
0.318405151367 0.196942542524
0.318420410156 0.197354178867
0.318435668945 0.20273560102
0.318450927734 0.212083828701
0.318466186523 0.210697472959
0.318481445312 0.206556243248
0.318496704102 0.201571485157
0.318511962891 0.202850393116
0.31852722168 0.240478918587
0.318542480469 0.200107688692
0.318557739258 0.201551572035
0.318572998047 0.236332929626
0.318588256836 0.222896199244
0.318603515625 0.216301487213
0.318618774414 0.228664984956
0.318634033203 0.228823889569
0.318649291992 0.210766102544
0.318664550781 0.192886101047
0.31867980957 0.191560693546
0.318695068359 0.203435642614
0.318710327148 0.214581959863
0.318725585938 0.217382799224
0.318740844727 0.197027689008
0.318756103516 0.179034457529
0.318771362305 0.16479470678
0.318786621094 0.184261768184
0.318801879883 0.198024071586
0.318817138672 0.210522209054
0.318832397461 0.23517399877
0.31884765625 0.213801291423
0.318862915039 0.197879116777
0.318878173828 0.189923375149
0.318893432617 0.183905531426
0.318908691406 0.210804989135
0.318923950195 0.183081802993
0.318939208984 0.193212795618
0.318954467773 0.194260908285
0.318969726562 0.179348293179
0.318984985352 0.190728986627
0.319000244141 0.19655806292
0.31901550293 0.18262858673
0.319030761719 0.179407840729
0.319046020508 0.181981778008
0.319061279297 0.194706672734
0.319076538086 0.208238309417
0.319091796875 0.23144284788
0.319107055664 0.221197795754
0.319122314453 0.186455476371
0.319137573242 0.179500630527
0.319152832031 0.184138122681
0.31916809082 0.209736141782
0.319183349609 0.203872481441
0.319198608398 0.169239780588
0.319213867188 0.165940736191
0.319229125977 0.191106646398
0.319244384766 0.213416666274
0.319259643555 0.206014947221
0.319274902344 0.200738673642
0.319290161133 0.207839036016
0.319305419922 0.202282197911
0.319320678711 0.19115221523
0.3193359375 0.209752202392
0.319351196289 0.191568115601
0.319366455078 0.179509179032
0.319381713867 0.20079941504
0.319396972656 0.17741237383
0.319412231445 0.171792670729
0.319427490234 0.167462319035
0.319442749023 0.177006394405
0.319458007812 0.204784626057
0.319473266602 0.206373751374
0.319488525391 0.203616489931
0.31950378418 0.189624139915
0.319519042969 0.185876860035
0.319534301758 0.192806220772
0.319549560547 0.188201770014
0.319564819336 0.207854715461
0.319580078125 0.212913585776
0.319595336914 0.204433151203
0.319610595703 0.204291651039
0.319625854492 0.21055681725
0.319641113281 0.208631171577
0.31965637207 0.192486932865
0.319671630859 0.212042621196
0.319686889648 0.225004238796
0.319702148438 0.199661554782
0.319717407227 0.210140937855
0.319732666016 0.208870532044
0.319747924805 0.200912127663
0.319763183594 0.163179769859
0.319778442383 0.16477615645
0.319793701172 0.172648955846
0.319808959961 0.194804108232
0.31982421875 0.18080669137
0.319839477539 0.20552451074
0.319854736328 0.21948012319
0.319869995117 0.208265642093
0.319885253906 0.184249432092
0.319900512695 0.222868367432
0.319915771484 0.220649410499
0.319931030273 0.201608054478
0.319946289062 0.198552718043
0.319961547852 0.188594843871
0.319976806641 0.20511297369
0.31999206543 0.205854993233
0.320007324219 0.196240875141
0.320022583008 0.178526083975
0.320037841797 0.194725366814
0.320053100586 0.206035587798
0.320068359375 0.205147810147
0.320083618164 0.197796825454
0.320098876953 0.196014209484
0.320114135742 0.182208943812
0.320129394531 0.232693915229
0.32014465332 0.233226056488
0.320159912109 0.203992793325
0.320175170898 0.185345295792
0.320190429688 0.179330923544
0.320205688477 0.195608755327
0.320220947266 0.203940568155
0.320236206055 0.216033785736
0.320251464844 0.21027771944
0.320266723633 0.187936440979
0.320281982422 0.189783634132
0.320297241211 0.233156628796
0.3203125 0.216066194169
0.320327758789 0.183591547103
0.320343017578 0.189720978134
0.320358276367 0.193613543609
0.320373535156 0.192831195371
0.320388793945 0.195512321094
0.320404052734 0.187473876068
0.320419311523 0.174256022305
0.320434570312 0.184058147056
0.320449829102 0.173493823899
0.320465087891 0.202144058159
0.32048034668 0.205144972294
0.320495605469 0.193995861527
0.320510864258 0.195830455466
0.320526123047 0.189537541927
0.320541381836 0.181812413261
0.320556640625 0.185404477708
0.320571899414 0.183903433211
0.320587158203 0.218594400169
0.320602416992 0.237187290343
0.320617675781 0.233706620085
0.32063293457 0.207418394941
0.320648193359 0.198745878512
0.320663452148 0.187609875237
0.320678710938 0.19969202945
0.320693969727 0.197542381421
0.320709228516 0.201154317119
0.320724487305 0.193978195841
0.320739746094 0.185423745919
0.320755004883 0.200478967452
0.320770263672 0.22167192116
0.320785522461 0.208971002484
0.32080078125 0.211343297837
0.320816040039 0.180164659445
0.320831298828 0.187704422928
0.320846557617 0.193902435614
0.320861816406 0.178765957244
0.320877075195 0.183600214754
0.320892333984 0.188516282722
0.320907592773 0.186594725409
0.320922851562 0.221521292786
0.320938110352 0.218599297106
0.320953369141 0.200041060143
0.32096862793 0.196462266745
0.320983886719 0.185192066494
0.320999145508 0.190464399266
0.321014404297 0.211338349705
0.321029663086 0.244924519027
0.321044921875 0.212861620054
0.321060180664 0.181846603844
0.321075439453 0.177801611863
0.321090698242 0.176805637386
0.321105957031 0.207348886665
0.32112121582 0.213516004732
0.321136474609 0.195812731041
0.321151733398 0.194829150685
0.321166992188 0.201142646285
0.321182250977 0.218946643497
0.321197509766 0.217996550601
0.321212768555 0.189384998916
0.321228027344 0.209445287944
0.321243286133 0.207904463598
0.321258544922 0.202950676132
0.321273803711 0.212457020277
0.3212890625 0.202519559173
0.321304321289 0.179436045021
0.321319580078 0.182265350047
0.321334838867 0.190172674735
0.321350097656 0.201515436713
0.321365356445 0.19033813758
0.321380615234 0.195662197988
0.321395874023 0.195683897868
0.321411132812 0.207802502261
0.321426391602 0.201795352699
0.321441650391 0.169590193324
0.32145690918 0.200810145779
0.321472167969 0.208895680745
0.321487426758 0.209971123428
0.321502685547 0.195107318975
0.321517944336 0.17147495513
0.321533203125 0.18241298401
0.321548461914 0.202342942298
0.321563720703 0.183646448529
0.321578979492 0.20298168215
0.321594238281 0.205959297147
0.32160949707 0.1968196164
0.321624755859 0.191609089332
0.321640014648 0.201739997584
0.321655273438 0.206482443806
0.321670532227 0.191124260824
0.321685791016 0.19075888634
0.321701049805 0.22709057837
0.321716308594 0.219740283365
0.321731567383 0.184066683705
0.321746826172 0.193444405615
0.321762084961 0.19068856791
0.32177734375 0.177768989607
0.321792602539 0.176279244273
0.321807861328 0.205423098567
0.321823120117 0.216058544241
0.321838378906 0.218094252019
0.321853637695 0.210611807396
0.321868896484 0.205013764198
0.321884155273 0.200703606536
0.321899414062 0.20270659367
0.321914672852 0.187852594346
0.321929931641 0.203171152419
0.32194519043 0.200262711882
0.321960449219 0.220105935696
0.321975708008 0.214319678174
0.321990966797 0.213752637281
0.322006225586 0.205694995858
0.322021484375 0.186867504898
0.322036743164 0.189118379984
0.322052001953 0.184038889671
0.322067260742 0.188896728097
0.322082519531 0.203586478835
0.32209777832 0.196708710114
0.322113037109 0.173060978792
0.322128295898 0.198555635149
0.322143554688 0.187220736713
0.322158813477 0.204779425202
0.322174072266 0.212516727856
