tests/data/interf_spec160731-1225.dat
# %ECSV 0.9
# ---
# datatype:
# - {name: frequency, datatype: float64}
# - {name: power, datatype: float64}
# meta: !!omap
# - {L0: 3000}
# - {MegaScreenVersion: 0.4.0}
# - {baseline: 250}
# - {freqOverlap: 4.0}
# - {nfftInner: 256}
# - {nfftOuter: 256}
# - {nperseg: 65536}
# - {numScreen: 160000}
# - {plot: true}
# - {plotPhases: false}
# - {prefix: interf_spec}
# - {r0: 5}
# - {step: 32}
frequency power
[from data line 9206]
0.140472412109 2.14603423992
0.140487670898 2.27793044079
0.140502929688 2.33937985172
0.140518188477 2.10570486413
0.140533447266 1.7541920128
0.140548706055 2.15859589712
0.140563964844 2.28272718624
0.140579223633 2.23058543802
0.140594482422 2.03842521979
0.140609741211 1.83811985384
0.140625 1.7461107935
0.140640258789 1.97086821577
0.140655517578 2.2307638609
0.140670776367 2.15116961333
0.140686035156 1.8393219028
0.140701293945 1.87384428397
0.140716552734 1.77187426913
0.140731811523 1.95668923504
0.140747070312 1.57288198343
0.140762329102 1.62976211176
0.140777587891 1.80378027068
0.14079284668 1.80316216367
0.140808105469 1.92832614961
0.140823364258 1.9163673848
0.140838623047 2.22582914156
0.140853881836 2.10039034948
0.140869140625 2.15609123959
0.140884399414 2.01565418962
0.140899658203 1.94641150292
0.140914916992 2.05383031851
0.140930175781 1.85751664566
0.14094543457 1.69962488306
0.140960693359 1.74366278798
0.140975952148 1.92924223331
0.140991210938 1.95018768483
0.141006469727 2.19351961206
0.141021728516 1.86867139392
0.141036987305 1.74350417562
0.141052246094 2.01759434349
0.141067504883 1.97151303169
0.141082763672 1.83383112198
0.141098022461 1.64803005621
0.14111328125 2.01219332954
0.141128540039 1.91429202204
0.141143798828 1.74698649544
0.141159057617 1.74048951036
0.141174316406 1.74206580848
0.141189575195 1.7461368417
0.141204833984 1.83059497607
0.141220092773 2.04924504662
0.141235351562 1.92327044999
0.141250610352 1.96354760759
0.141265869141 2.03314685481
0.14128112793 1.99142501305
0.141296386719 1.90154888847
0.141311645508 1.88350467141
0.141326904297 1.96190776364
0.141342163086 1.89715403208
0.141357421875 1.97013424082
0.141372680664 2.01927659199
0.141387939453 2.16770982323
0.141403198242 2.18579736303
0.141418457031 2.28679401021
0.14143371582 2.27130691653
0.141448974609 1.99453214804
0.141464233398 1.95836751259
0.141479492188 1.94435092346
0.141494750977 1.83261935524
0.141510009766 1.7920969764
0.141525268555 1.75274691609
0.141540527344 1.78009013561
0.141555786133 1.85205211018
0.141571044922 1.83276761415
0.141586303711 2.21140299742
0.1416015625 1.98128159635
0.141616821289 1.67641597487
0.141632080078 1.57342725495
0.141647338867 1.731615349
0.141662597656 2.21277579731
0.141677856445 2.19427551516
0.141693115234 1.91464686052
0.141708374023 2.03176897817
0.141723632812 1.84610157865
0.141738891602 1.84204273033
0.141754150391 2.00634533361
0.14176940918 2.15723963859
0.141784667969 2.2423478744
0.141799926758 2.07700096618
0.141815185547 1.8789106866
0.141830444336 1.57613649654
0.141845703125 1.70008131202
0.141860961914 1.64944494549
0.141876220703 1.75376168802
0.141891479492 1.77641009531
0.141906738281 1.8395128741
0.14192199707 1.81047344262
0.141937255859 1.65401105788
0.141952514648 1.7484050862
0.141967773438 1.74129783094
0.141983032227 1.65328736745
0.141998291016 1.85132894015
0.142013549805 1.89548065999
0.142028808594 2.09302976534
0.142044067383 2.27073732476
0.142059326172 2.2269063209
0.142074584961 1.94706595764
0.14208984375 1.78860238704
0.142105102539 1.73514796243
0.142120361328 1.69151966207
0.142135620117 1.9016908413
0.142150878906 1.98972894945
0.142166137695 2.20457800359
0.142181396484 2.07940576878
0.142196655273 1.6350607963
0.142211914062 1.72558682528
0.142227172852 1.90678081308
0.142242431641 1.70606441487
0.14225769043 1.83034928134
0.142272949219 1.87457222216
0.142288208008 1.85637283333
0.142303466797 1.7622907188
0.142318725586 1.76224192853
0.142333984375 2.02492655013
0.142349243164 1.9369728862
0.142364501953 1.87556552284
0.142379760742 1.96950877456
0.142395019531 2.0633960205
0.14241027832 1.95230400335
0.142425537109 1.87518954572
0.142440795898 1.82720504652
0.142456054688 1.99742310648
0.142471313477 2.01444520627
0.142486572266 2.0361836556
0.142501831055 2.08805977575
0.142517089844 1.84793494807
0.142532348633 1.70796197332
0.142547607422 1.86009254431
0.142562866211 1.97739134777
0.142578125 1.9509755057
0.142593383789 1.75331665388
0.142608642578 1.6272299207
0.142623901367 1.88935453139
0.142639160156 2.11181138587
0.142654418945 2.02153186577
0.142669677734 1.96703866746
0.142684936523 1.99626715371
0.142700195312 1.86017840244
0.142715454102 1.71318883657
0.142730712891 1.83718967821
0.14274597168 1.73515051029
0.142761230469 1.85354079126
0.142776489258 1.9278580867
0.142791748047 1.78286333364
0.142807006836 2.07510228706
0.142822265625 2.07140211817
0.142837524414 1.7122083298
0.142852783203 1.78774118215
0.142868041992 1.67527633465
0.142883300781 2.05164113114
0.14289855957 2.1056043877
0.142913818359 2.0456466765
0.142929077148 1.7690428988
0.142944335938 1.85240285142
0.142959594727 1.72099580047
0.142974853516 1.92681501713
0.142990112305 1.93243859507
0.143005371094 1.88587701013
0.143020629883 1.75646688527
0.143035888672 1.82513975023
0.143051147461 1.77582199943
0.14306640625 2.04035627913
0.143081665039 2.07809867257
0.143096923828 1.8111801807
0.143112182617 1.60703041449
0.143127441406 1.90257547682
0.143142700195 1.96571820226
0.143157958984 2.0859303298
0.143173217773 1.76086259773
0.143188476562 1.55190718464
0.143203735352 1.97620045698
0.143218994141 1.78208660052
0.14323425293 1.82770199568
0.143249511719 1.87864275054
0.143264770508 1.81982328703
0.143280029297 1.5943765241
0.143295288086 1.57590849068
0.143310546875 1.68689734913
0.143325805664 1.68483666593
0.143341064453 1.77967473342
0.143356323242 1.89026669349
0.143371582031 1.93947061293
0.14338684082 2.08015800679
0.143402099609 1.86667053497
0.143417358398 1.59313021458
0.143432617188 1.79437053238
0.143447875977 1.8106541385
0.143463134766 1.80614832556
0.143478393555 1.94470318101
0.143493652344 1.92287199208
0.143508911133 1.9745124481
0.143524169922 2.26117336408
0.143539428711 2.06146577062
0.1435546875 1.94464540395
0.143569946289 1.74176961727
0.143585205078 1.6418864938
0.143600463867 1.54253355258
0.143615722656 1.66324011399
0.143630981445 1.79710720801
0.143646240234 1.63009098915
0.143661499023 1.64326151727
0.143676757812 1.64138104804
0.143692016602 1.85247781501
0.143707275391 2.00780999471
0.14372253418 1.91673259774
0.143737792969 2.03072780661
0.143753051758 1.94329984397
0.143768310547 1.7393207901
0.143783569336 1.71705946722
0.143798828125 1.72141438517
0.143814086914 1.83130709215
0.143829345703 1.92622972403
0.143844604492 1.81860118353
0.143859863281 1.68906705004
0.14387512207 1.74652193003
0.143890380859 1.8907682411
0.143905639648 1.75345195909
0.143920898438 1.58956072212
0.143936157227 1.73636322366
0.143951416016 1.87160705905
0.143966674805 1.63689695698
0.143981933594 1.59848855486
0.143997192383 1.65936086596
0.144012451172 1.91255856073
0.144027709961 2.01597990896
0.14404296875 1.66874814641
0.144058227539 1.65103372434
0.144073486328 1.79193198321
0.144088745117 1.76279323551
0.144104003906 1.80914030003
0.144119262695 2.10156171249
0.144134521484 2.06210531944
0.144149780273 1.65794678368
0.144165039062 1.52898917074
0.144180297852 1.58795017251
0.144195556641 1.81703575381
0.14421081543 1.67658222616
0.144226074219 1.6698107595
0.144241333008 1.81082242113
0.144256591797 1.73332711197
0.144271850586 1.62332432318
0.144287109375 1.58804490954
0.144302368164 1.76097134645
0.144317626953 1.8663545958
0.144332885742 1.9312771168
0.144348144531 1.82213191813
0.14436340332 1.78258320347
0.144378662109 1.91661068609
0.144393920898 1.81024399644
0.144409179688 1.75235633192
0.144424438477 1.8010262629
0.144439697266 1.96443716254
0.144454956055 1.91089185685
0.144470214844 2.14101130565
0.144485473633 2.02008092784
0.144500732422 1.77163312956
0.144515991211 1.91247847523
0.14453125 2.12944173149
0.144546508789 1.7466622374
0.144561767578 1.57993014467
0.144577026367 1.66311652494
0.144592285156 1.94007781435
0.144607543945 1.46011363015
0.144622802734 1.68287478548
0.144638061523 2.00874036745
0.144653320312 2.00485485623
0.144668579102 1.84769802943
0.144683837891 1.68022343979
0.14469909668 1.635014446
0.144714355469 1.90202844152
0.144729614258 1.91857864773
0.144744873047 1.71034730302
0.144760131836 1.83229107736
0.144775390625 1.8600530419
0.144790649414 1.90546278538
0.144805908203 1.83832913166
0.144821166992 1.80289451758
0.144836425781 1.81455775611
0.14485168457 1.88837362082
0.144866943359 1.6172013945
0.144882202148 1.69827789697
0.144897460938 1.74169133052
0.144912719727 1.69692542328
0.144927978516 1.99855284519
0.144943237305 1.81247536676
0.144958496094 1.69710327939
0.144973754883 1.81924630062
0.144989013672 1.68622522796
0.145004272461 1.59748131287
0.14501953125 1.81999692623
0.145034790039 1.90126757781
0.145050048828 1.78731821593
0.145065307617 1.99449795313
0.145080566406 1.92722112157
0.145095825195 1.72437100109
0.145111083984 1.77522282265
0.145126342773 1.76522390445
0.145141601562 1.81957273715
0.145156860352 1.7557801241
0.145172119141 1.77160137715
0.14518737793 1.78539299522
0.145202636719 1.65941965263
0.145217895508 1.83313231949
0.145233154297 1.95002329361
0.145248413086 1.75705729654
0.145263671875 1.77336159507
0.145278930664 1.76704960094
0.145294189453 1.56637994632
0.145309448242 1.64817298042
0.145324707031 1.68856012707
0.14533996582 1.58421624962
0.145355224609 1.65981006015
0.145370483398 1.68035397203
0.145385742188 1.86370504352
0.145401000977 1.76947198686
0.145416259766 1.63822059667
0.145431518555 1.6833938134
0.145446777344 1.70831847748
0.145462036133 1.76818930738
0.145477294922 1.94622273148
0.145492553711 1.84737541115
0.1455078125 1.69729537019
0.145523071289 1.83236716173
0.145538330078 1.91372434194
0.145553588867 1.61478843196
0.145568847656 1.69958646971
0.145584106445 1.60883616187
0.145599365234 1.55117610261
0.145614624023 1.67267788659
0.145629882812 1.67751535985
0.145645141602 1.66330352528
0.145660400391 1.74768517628
0.14567565918 1.96392430472
0.145690917969 1.90851675721
0.145706176758 1.85848415381
0.145721435547 1.96550580074
0.145736694336 1.950288633
0.145751953125 1.70499961918
0.145767211914 1.63990439936
0.145782470703 1.61022500754
0.145797729492 2.12022956553
0.145812988281 1.95172135077
0.14582824707 1.66800869427
0.145843505859 1.73899288612
0.145858764648 1.92768815396
0.145874023438 2.08386669912
0.145889282227 1.92106061764
0.145904541016 1.87819078282
0.145919799805 1.78492272279
0.145935058594 1.57170407073
0.145950317383 1.70012571367
0.145965576172 1.752345053
0.145980834961 1.84623984819
0.14599609375 1.56119364923
0.146011352539 1.63688148578
0.146026611328 1.90534983811
0.146041870117 1.99942904251
0.146057128906 1.8739173396
0.146072387695 1.49188357813
0.146087646484 1.60476934982
0.146102905273 1.62655027919
0.146118164062 1.63402150053
0.146133422852 1.64641587995
0.146148681641 1.4406980579
0.14616394043 1.62254558491
0.146179199219 1.78484100606
0.146194458008 1.73499010466
0.146209716797 1.77905354657
0.146224975586 1.72447814258
0.146240234375 1.75946858757
0.146255493164 1.69363515832
0.146270751953 1.43596543283
0.146286010742 1.39730077147
0.146301269531 1.45507057949
0.14631652832 1.61958180189
0.146331787109 1.87827439206
0.146347045898 1.85194294828
0.146362304688 1.51791909964
0.146377563477 1.74267873808
0.146392822266 2.09475857058
0.146408081055 1.89921832065
0.146423339844 1.81932233083
0.146438598633 1.75351725742
0.146453857422 1.67363622216
0.146469116211 1.95409231637
0.146484375 1.79055610311
0.146499633789 1.66934690588
0.146514892578 1.62884413086
0.146530151367 1.77546662817
0.146545410156 1.77927019131
0.146560668945 1.62482076145
0.146575927734 1.83169690063
0.146591186523 1.78569018505
0.146606445312 1.68049411704
0.146621704102 1.74453635491
0.146636962891 1.70794490407
0.14665222168 1.83992643007
0.146667480469 1.85648599672
0.146682739258 1.82562883067
0.146697998047 1.83536173734
0.146713256836 1.68153502016
0.146728515625 1.63980853314
0.146743774414 1.60810274837
0.146759033203 1.74639486622
0.146774291992 1.67067606055
0.146789550781 1.55068235697
0.14680480957 1.50845007784
0.146820068359 1.45972121358
0.146835327148 1.62424329946
0.146850585938 1.73936317868
0.146865844727 1.53492660153
0.146881103516 1.47826445878
0.146896362305 1.58130290335
0.146911621094 1.73815667176
0.146926879883 1.86010359807
0.146942138672 1.90046975783
0.146957397461 1.71080672815
0.14697265625 1.57853511102
0.146987915039 1.44983373837
0.147003173828 1.53727245147
0.147018432617 1.63698897375
0.147033691406 1.77427192942
0.147048950195 1.66526764058
0.147064208984 1.7405792649
0.147079467773 2.07685469606
0.147094726562 1.89608674882
0.147109985352 1.51183184576
0.147125244141 1.61075357255
0.14714050293 1.74880188193
0.147155761719 1.68900570339
0.147171020508 1.69809268536
0.147186279297 1.92905389754
0.147201538086 1.94997842663
0.147216796875 1.75510630916
0.147232055664 1.87221778529
0.147247314453 1.8242140802
0.147262573242 1.75044198211
0.147277832031 1.68458098296
0.14729309082 1.86065009664
0.147308349609 1.84803482619
0.147323608398 1.64074562008
0.147338867188 1.50568959598
0.147354125977 1.53838821931
0.147369384766 1.66910297764
0.147384643555 2.00819718134
0.147399902344 1.66414205264
0.147415161133 1.74113867916
0.147430419922 1.82216165847
0.147445678711 1.57869766958
0.1474609375 1.78094845573
0.147476196289 1.9176698135
0.147491455078 1.58129868495
0.147506713867 1.45023398152
0.147521972656 1.50382535772
0.147537231445 1.68765737364
0.147552490234 1.7585048987
0.147567749023 1.72086154232
0.147583007812 1.79941398335
0.147598266602 1.7829162493
0.147613525391 1.82941608243
0.14762878418 1.77768436746
0.147644042969 1.64725705018
0.147659301758 1.64294700791
0.147674560547 1.72673080006
0.147689819336 1.59966586113
0.147705078125 1.76805178211
0.147720336914 1.83228918856
0.147735595703 1.82551762013
0.147750854492 1.84430738731
0.147766113281 1.76760133608
0.14778137207 1.71093374639
0.147796630859 1.72105260469
0.147811889648 1.46548909014
0.147827148438 1.5315889484
0.147842407227 1.71159808321
0.147857666016 1.75017605907
0.147872924805 1.86677215652
0.147888183594 1.68011721263
0.147903442383 1.45752397265
0.147918701172 1.3286018734
0.147933959961 1.37943143937
0.14794921875 1.39051654745
0.147964477539 1.64816508514
0.147979736328 1.69052638687
0.147994995117 1.64352539386
0.148010253906 1.61652073731
0.148025512695 1.80277732814
0.148040771484 1.81490509676
0.148056030273 1.56983086796
0.148071289062 1.60792858453
0.148086547852 1.56658674909
0.148101806641 1.71265013853
0.14811706543 1.81955268955
0.148132324219 1.88361493424
0.148147583008 1.90658057204
0.148162841797 1.8402234669
0.148178100586 1.78281044086
0.148193359375 1.6741216498
0.148208618164 1.74873388659
0.148223876953 1.80786565367
0.148239135742 1.63959063441
0.148254394531 1.67029938413
0.14826965332 1.64746892639
0.148284912109 1.54174380305
0.148300170898 1.82163421933
0.148315429688 1.80313401466
0.148330688477 1.70936607933
0.148345947266 1.64025362606
0.148361206055 1.61603894513
0.148376464844 1.5850439261
0.148391723633 1.96949032045
0.148406982422 1.8464766977
0.148422241211 1.53755205828
0.1484375 1.5732373385
0.148452758789 1.59141513392
0.148468017578 1.57881140478
0.148483276367 1.55245234799
0.148498535156 1.62340495948
0.148513793945 1.6764059911
0.148529052734 1.72954733746
0.148544311523 1.60600311311
0.148559570312 1.544337109
0.148574829102 1.47780938761
0.148590087891 1.56130835347
0.14860534668 1.79209112553
0.148620605469 1.91738060219
0.148635864258 1.81990167671
0.148651123047 1.88691864771
0.148666381836 1.73874143426
0.148681640625 1.68561338003
0.148696899414 1.57528325688
0.148712158203 1.51460576279
0.148727416992 1.67583603067
0.148742675781 1.84845273154
0.14875793457 1.80123886839
0.148773193359 1.87916986925
0.148788452148 1.74095843214
0.148803710938 1.64605799011
0.148818969727 1.65997325417
0.148834228516 1.84088960258
0.148849487305 1.60129132026
0.148864746094 1.6780053866
0.148880004883 1.6301730305
0.148895263672 1.56114191775
0.148910522461 1.60812902729
0.14892578125 1.61383187744
0.148941040039 1.44497824594
