tests/data/interf_spec160731-1225.dat
# %ECSV 0.9
# ---
# datatype:
# - {name: frequency, datatype: float64}
# - {name: power, datatype: float64}
# meta: !!omap
# - {L0: 3000}
# - {MegaScreenVersion: 0.4.0}
# - {baseline: 250}
# - {freqOverlap: 4.0}
# - {nfftInner: 256}
# - {nfftOuter: 256}
# - {nperseg: 65536}
# - {numScreen: 160000}
# - {plot: true}
# - {plotPhases: false}
# - {prefix: interf_spec}
# - {r0: 5}
# - {step: 32}
frequency power
[from data line 18430]
0.281219482422 0.262632588678
0.281234741211 0.265249901152
0.28125 0.293156141001
0.281265258789 0.318780077841
0.281280517578 0.324282327894
0.281295776367 0.301559196776
0.281311035156 0.285270397551
0.281326293945 0.301509277014
0.281341552734 0.253523726974
0.281356811523 0.286154610334
0.281372070312 0.306674103359
0.281387329102 0.281429832567
0.281402587891 0.266032958371
0.28141784668 0.288976903102
0.281433105469 0.314969354243
0.281448364258 0.302160484339
0.281463623047 0.261220091244
0.281478881836 0.294971398186
0.281494140625 0.304462057472
0.281509399414 0.33079705679
0.281524658203 0.288777606808
0.281539916992 0.30499573093
0.281555175781 0.286140874106
0.28157043457 0.282781058316
0.281585693359 0.313938255321
0.281600952148 0.27715441451
0.281616210938 0.266474671002
0.281631469727 0.262373847387
0.281646728516 0.265466435121
0.281661987305 0.2958663755
0.281677246094 0.299313207677
0.281692504883 0.308437258095
0.281707763672 0.303728152111
0.281723022461 0.302879075642
0.28173828125 0.297874663131
0.281753540039 0.290437317845
0.281768798828 0.317587333276
0.281784057617 0.316067224121
0.281799316406 0.286871320818
0.281814575195 0.289113248304
0.281829833984 0.319061387505
0.281845092773 0.292843844831
0.281860351562 0.282084792573
0.281875610352 0.255083486566
0.281890869141 0.261981728714
0.28190612793 0.271890752808
0.281921386719 0.268875917194
0.281936645508 0.225684527372
0.281951904297 0.253167966996
0.281967163086 0.291365957287
0.281982421875 0.283616627898
0.281997680664 0.29556202626
0.282012939453 0.29202814842
0.282028198242 0.292455876847
0.282043457031 0.281540436149
0.28205871582 0.271941624571
0.282073974609 0.332498004784
0.282089233398 0.307065665717
0.282104492188 0.309460417506
0.282119750977 0.307591143291
0.282135009766 0.314025397703
0.282150268555 0.350163713167
0.282165527344 0.339407966352
0.282180786133 0.289846727211
0.282196044922 0.297422889965
0.282211303711 0.310167811728
0.2822265625 0.283699616068
0.282241821289 0.28614446367
0.282257080078 0.284878743023
0.282272338867 0.290446399338
0.282287597656 0.290228095169
0.282302856445 0.286548944459
0.282318115234 0.307102550342
0.282333374023 0.326078988058
0.282348632812 0.279083368407
0.282363891602 0.238019903795
0.282379150391 0.286106893643
0.28239440918 0.27259852395
0.282409667969 0.279478567158
0.282424926758 0.276730773521
0.282440185547 0.294766049251
0.282455444336 0.301386664481
0.282470703125 0.305988190559
0.282485961914 0.301211546975
0.282501220703 0.308769483321
0.282516479492 0.315238801201
0.282531738281 0.299488864953
0.28254699707 0.302514202008
0.282562255859 0.320556862591
0.282577514648 0.315821777977
0.282592773438 0.278976085116
0.282608032227 0.296473546838
0.282623291016 0.308208698899
0.282638549805 0.303043652792
0.282653808594 0.311090251234
0.282669067383 0.287204602395
0.282684326172 0.271165922443
0.282699584961 0.239112342234
0.28271484375 0.267017828625
0.282730102539 0.280677849736
0.282745361328 0.29208788
0.282760620117 0.278108202625
0.282775878906 0.250621605397
0.282791137695 0.275397419776
0.282806396484 0.272609203467
0.282821655273 0.250873431577
0.282836914062 0.259869111538
0.282852172852 0.263601764175
0.282867431641 0.238256631254
0.28288269043 0.268963692323
0.282897949219 0.26612512955
0.282913208008 0.293412187931
0.282928466797 0.298571985778
0.282943725586 0.280824578958
0.282958984375 0.300760729945
0.282974243164 0.315743456372
0.282989501953 0.310624868195
0.283004760742 0.312651127578
0.283020019531 0.278981142135
0.28303527832 0.282111294787
0.283050537109 0.295532851035
0.283065795898 0.315157435031
0.283081054688 0.316826460704
0.283096313477 0.315934982323
0.283111572266 0.243215207485
0.283126831055 0.250957810428
0.283142089844 0.306868245888
0.283157348633 0.28164557831
0.283172607422 0.286785050571
0.283187866211 0.279724674907
0.283203125 0.264616313269
0.283218383789 0.273616116872
0.283233642578 0.286397822853
0.283248901367 0.287517128893
0.283264160156 0.287806676762
0.283279418945 0.30301269486
0.283294677734 0.271487050604
0.283309936523 0.250777278098
0.283325195312 0.270015164442
0.283340454102 0.253101927725
0.283355712891 0.244518281947
0.28337097168 0.30437181453
0.283386230469 0.320096893921
0.283401489258 0.240031331876
0.283416748047 0.24610317067
0.283432006836 0.250115665921
0.283447265625 0.276253583879
0.283462524414 0.278779278599
0.283477783203 0.247676796926
0.283493041992 0.271547128215
0.283508300781 0.296925080909
0.28352355957 0.320941712805
0.283538818359 0.305941219967
0.283554077148 0.292923968172
0.283569335938 0.297146895012
0.283584594727 0.286900640628
0.283599853516 0.296329042002
0.283615112305 0.29752778373
0.283630371094 0.28950317363
0.283645629883 0.280487508958
0.283660888672 0.266338064361
0.283676147461 0.242950053646
0.28369140625 0.272378862362
0.283706665039 0.30675023271
0.283721923828 0.279207118291
0.283737182617 0.272033970859
0.283752441406 0.25265884863
0.283767700195 0.261101502918
0.283782958984 0.277336422856
0.283798217773 0.277442741795
0.283813476562 0.296805435469
0.283828735352 0.274003386546
0.283843994141 0.272994294981
0.28385925293 0.283559664645
0.283874511719 0.294501339852
0.283889770508 0.305820219351
0.283905029297 0.300334360607
0.283920288086 0.286163547991
0.283935546875 0.304379296042
0.283950805664 0.31628598322
0.283966064453 0.26478669273
0.283981323242 0.277105038278
0.283996582031 0.310731593944
0.28401184082 0.303586752636
0.284027099609 0.294147474297
0.284042358398 0.308357805705
0.284057617188 0.280709897564
0.284072875977 0.256629807725
0.284088134766 0.274176557778
0.284103393555 0.237650612885
0.284118652344 0.256584522234
0.284133911133 0.279767151071
0.284149169922 0.268088583296
0.284164428711 0.267706333006
0.2841796875 0.285029094448
0.284194946289 0.269009873239
0.284210205078 0.30193089806
0.284225463867 0.283096173047
0.284240722656 0.275877209294
0.284255981445 0.275702557202
0.284271240234 0.266168115719
0.284286499023 0.274623776608
0.284301757812 0.272033263294
0.284317016602 0.263065666669
0.284332275391 0.245752958682
0.28434753418 0.266564634802
0.284362792969 0.2741637023
0.284378051758 0.284804847833
0.284393310547 0.312183347443
0.284408569336 0.325103746502
0.284423828125 0.246685137523
0.284439086914 0.261392016218
0.284454345703 0.270779126116
0.284469604492 0.28552401268
0.284484863281 0.274081963502
0.28450012207 0.239011394656
0.284515380859 0.269936526654
0.284530639648 0.289603734086
0.284545898438 0.271806450956
0.284561157227 0.254391067582
0.284576416016 0.225182373614
0.284591674805 0.250269771127
0.284606933594 0.234798376562
0.284622192383 0.260697079196
0.284637451172 0.256244135363
0.284652709961 0.252711622383
0.28466796875 0.280203775437
0.284683227539 0.307713936245
0.284698486328 0.315354434668
0.284713745117 0.288547875881
0.284729003906 0.251049377106
0.284744262695 0.277874256211
0.284759521484 0.298378264808
0.284774780273 0.27225276541
0.284790039062 0.266671554305
0.284805297852 0.25111318487
0.284820556641 0.263767039487
0.28483581543 0.299844964052
0.284851074219 0.299488214011
0.284866333008 0.326900191442
0.284881591797 0.303344469989
0.284896850586 0.310464934849
0.284912109375 0.25104067864
0.284927368164 0.256399782008
0.284942626953 0.278510019864
0.284957885742 0.269596458153
0.284973144531 0.238895072567
0.28498840332 0.253774607929
0.285003662109 0.275418272741
0.285018920898 0.289906084016
0.285034179688 0.28228991219
0.285049438477 0.300380687863
0.285064697266 0.309463609391
0.285079956055 0.302168147188
0.285095214844 0.299302317402
0.285110473633 0.368699868657
0.285125732422 0.352982558596
0.285140991211 0.254191540992
0.28515625 0.213781355471
0.285171508789 0.240180422712
0.285186767578 0.291166779267
0.285202026367 0.324561535858
0.285217285156 0.276839529757
0.285232543945 0.251462440999
0.285247802734 0.254834265615
0.285263061523 0.287466139051
0.285278320312 0.282787227729
0.285293579102 0.263328185618
0.285308837891 0.299807641147
0.28532409668 0.307285841499
0.285339355469 0.261336417452
0.285354614258 0.237331582379
0.285369873047 0.274940934865
0.285385131836 0.291150475785
0.285400390625 0.268401230607
0.285415649414 0.255599237863
0.285430908203 0.245952452729
0.285446166992 0.257130584401
0.285461425781 0.238720732444
0.28547668457 0.264123471627
0.285491943359 0.271826200306
0.285507202148 0.257789815947
0.285522460938 0.262247203735
0.285537719727 0.250817938509
0.285552978516 0.258628487212
0.285568237305 0.28633976419
0.285583496094 0.264785301453
0.285598754883 0.313711711561
0.285614013672 0.282066010858
0.285629272461 0.251096789687
0.28564453125 0.273637064965
0.285659790039 0.284592573048
0.285675048828 0.293171261794
0.285690307617 0.280433999268
0.285705566406 0.262092614419
0.285720825195 0.262040246338
0.285736083984 0.255142472481
0.285751342773 0.28726272548
0.285766601562 0.277083949452
0.285781860352 0.25604985139
0.285797119141 0.294666173547
0.28581237793 0.313451639343
0.285827636719 0.310679977647
0.285842895508 0.320463758915
0.285858154297 0.307413780911
0.285873413086 0.268861900327
0.285888671875 0.244822416441
0.285903930664 0.275133905812
0.285919189453 0.246621234725
0.285934448242 0.250317843481
0.285949707031 0.280136784304
0.28596496582 0.264368643757
0.285980224609 0.296783569263
0.285995483398 0.264671907989
0.286010742188 0.252374686124
0.286026000977 0.227971784565
0.286041259766 0.263457967035
0.286056518555 0.293367454696
0.286071777344 0.276959611842
0.286087036133 0.270949680747
0.286102294922 0.25734352227
0.286117553711 0.266963329947
0.2861328125 0.273532811699
0.286148071289 0.26120908769
0.286163330078 0.283861717991
0.286178588867 0.324889168362
0.286193847656 0.306338652815
0.286209106445 0.277423472264
0.286224365234 0.293339502885
0.286239624023 0.315678238647
0.286254882812 0.306621645037
0.286270141602 0.245926653309
0.286285400391 0.268919609485
0.28630065918 0.284509210762
0.286315917969 0.264935474668
0.286331176758 0.297278461809
0.286346435547 0.283473731849
0.286361694336 0.263701978292
0.286376953125 0.244936906857
0.286392211914 0.250715337133
0.286407470703 0.258194593631
0.286422729492 0.252353582191
0.286437988281 0.268515191552
0.28645324707 0.25728144942
0.286468505859 0.250603084636
0.286483764648 0.29371190262
0.286499023438 0.286817628752
0.286514282227 0.349885685793
0.286529541016 0.338906192812
0.286544799805 0.270160181924
0.286560058594 0.249092548266
0.286575317383 0.264967213066
0.286590576172 0.282926492412
0.286605834961 0.274067303587
0.28662109375 0.246194477494
0.286636352539 0.253834522204
0.286651611328 0.254766487294
0.286666870117 0.280554966762
0.286682128906 0.296719958351
0.286697387695 0.263221016905
0.286712646484 0.264862703958
0.286727905273 0.230644945344
0.286743164062 0.244979963731
0.286758422852 0.256802905963
0.286773681641 0.263602937875
0.28678894043 0.273620296543
0.286804199219 0.280798551723
0.286819458008 0.288534892546
0.286834716797 0.276409366978
0.286849975586 0.273213263255
0.286865234375 0.273660715431
0.286880493164 0.272489547055
0.286895751953 0.278023985008
0.286911010742 0.278257139174
0.286926269531 0.256107342949
0.28694152832 0.243135237663
0.286956787109 0.245044980178
0.286972045898 0.234566928778
0.286987304688 0.255595282898
0.287002563477 0.2708592082
0.287017822266 0.276492880651
0.287033081055 0.294810013864
0.287048339844 0.294030590336
0.287063598633 0.250890149159
0.287078857422 0.24029576198
0.287094116211 0.235273404507
0.287109375 0.255223933373
0.287124633789 0.258179246294
0.287139892578 0.244791826655
0.287155151367 0.237278800844
0.287170410156 0.239576681945
0.287185668945 0.250922398003
0.287200927734 0.295360749924
0.287216186523 0.272894387468
0.287231445312 0.266699892812
0.287246704102 0.271435135661
0.287261962891 0.256397692803
0.28727722168 0.243211884783
0.287292480469 0.252275884224
0.287307739258 0.274972722506
0.287322998047 0.2836245395
0.287338256836 0.269006231329
0.287353515625 0.265875666379
0.287368774414 0.271478327603
0.287384033203 0.257933733795
0.287399291992 0.301949480983
0.287414550781 0.296369010164
0.28742980957 0.274789676223
0.287445068359 0.258582949546
0.287460327148 0.278054942219
0.287475585938 0.257658346282
0.287490844727 0.263961127028
0.287506103516 0.265102419268
0.287521362305 0.278689202683
0.287536621094 0.256425519352
0.287551879883 0.247990248744
0.287567138672 0.299190264535
0.287582397461 0.256281448798
0.28759765625 0.255969483372
0.287612915039 0.266732463364
0.287628173828 0.276942976615
0.287643432617 0.296895724347
0.287658691406 0.264474752106
0.287673950195 0.244049351259
0.287689208984 0.223579800116
0.287704467773 0.243964804138
0.287719726562 0.269323086725
0.287734985352 0.269829959035
0.287750244141 0.299134647056
0.28776550293 0.306975368007
0.287780761719 0.255336865698
0.287796020508 0.291227584575
0.287811279297 0.292906530298
0.287826538086 0.306427887539
0.287841796875 0.270963165016
0.287857055664 0.295140580831
0.287872314453 0.307335861466
0.287887573242 0.276317326896
0.287902832031 0.292190601564
0.28791809082 0.293310526973
0.287933349609 0.289866837269
0.287948608398 0.266592718293
0.287963867188 0.235083333359
0.287979125977 0.244049237017
0.287994384766 0.293529319912
0.288009643555 0.297341736775
0.288024902344 0.278794401384
0.288040161133 0.25385081707
0.288055419922 0.257160001657
0.288070678711 0.257649538508
0.2880859375 0.260809429871
0.288101196289 0.236165702609
0.288116455078 0.262762156702
0.288131713867 0.292736758924
0.288146972656 0.289698534227
0.288162231445 0.307449500869
0.288177490234 0.284928084487
0.288192749023 0.260230054516
0.288208007812 0.264321533715
0.288223266602 0.231231461596
0.288238525391 0.256322591236
0.28825378418 0.2720130695
0.288269042969 0.28876137191
0.288284301758 0.282084017003
0.288299560547 0.297320215873
0.288314819336 0.278450586503
0.288330078125 0.257613927034
0.288345336914 0.295263110607
0.288360595703 0.270676808128
0.288375854492 0.255474412252
0.288391113281 0.288506426857
0.28840637207 0.313507323059
0.288421630859 0.28671167809
0.288436889648 0.253404962872
0.288452148438 0.260534193855
0.288467407227 0.268464720005
0.288482666016 0.266619996715
0.288497924805 0.27350741793
0.288513183594 0.236932677482
0.288528442383 0.22401097137
0.288543701172 0.261070159735
0.288558959961 0.260678004601
0.28857421875 0.242122843645
0.288589477539 0.263181600455
0.288604736328 0.293666535002
0.288619995117 0.248758250927
0.288635253906 0.235903074193
0.288650512695 0.27019273873
0.288665771484 0.28188035274
0.288681030273 0.266831264384
0.288696289062 0.277700500161
0.288711547852 0.240461746703
0.288726806641 0.269278766736
0.28874206543 0.305794933286
0.288757324219 0.300140209513
0.288772583008 0.292402351715
0.288787841797 0.296835177986
0.288803100586 0.267370597968
0.288818359375 0.256974858823
0.288833618164 0.266911540233
0.288848876953 0.281221686511
0.288864135742 0.285053616404
0.288879394531 0.262382048561
0.28889465332 0.250400836479
0.288909912109 0.25959407982
0.288925170898 0.286621405321
0.288940429688 0.269493468964
0.288955688477 0.260717485448
0.288970947266 0.259180664385
0.288986206055 0.245491975186
0.289001464844 0.251448272243
0.289016723633 0.26540509872
0.289031982422 0.230888565366
0.289047241211 0.245267038603
0.2890625 0.264917102864
0.289077758789 0.286995471287
0.289093017578 0.249812792791
0.289108276367 0.280863884646
0.289123535156 0.283420191236
0.289138793945 0.259747901099
0.289154052734 0.27143422627
0.289169311523 0.27862225294
0.289184570312 0.270874504875
0.289199829102 0.245812758845
0.289215087891 0.2431434361
0.28923034668 0.253012954941
0.289245605469 0.248007867647
0.289260864258 0.241797984358
0.289276123047 0.279130126107
0.289291381836 0.298009773186
0.289306640625 0.283922810983
0.289321899414 0.274190548903
0.289337158203 0.285553390966
0.289352416992 0.27041765088
0.289367675781 0.233345773617
0.28938293457 0.230997621658
0.289398193359 0.248684939594
